-10;35;-0.15;0;0;1
-9.98;35;-0.149;0;0;1
-9.96;35;-0.148;0;0;1
-9.94;35;-0.147;0;0;1
-9.92;35;-0.146;0;0;1
-9.9;35;-0.145;0;0;1
-9.88;35;-0.144;0;0;1
-9.86;35;-0.143;0;0;1
-9.84;35;-0.142;0;0;1
-9.82;35;-0.141;0;0;1
-9.8;35;-0.13999999999999999;0;0;1
-9.78;35;-0.13899999999999998;0;0;1
-9.76;35;-0.13799999999999998;0;0;1
-9.74;35;-0.13699999999999998;0;0;1
-9.72;35;-0.13599999999999998;0;0;1
-9.7;35;-0.135;0;0;1
-9.68;35;-0.134;0;0;1
-9.66;35;-0.133;0;0;1
-9.64;35;-0.132;0;0;1
-9.62;35;-0.131;0;0;1
-9.6;35;-0.13;0;0;1
-9.58;35;-0.129;0;0;1
-9.56;35;-0.128;0;0;1
-9.54;35;-0.127;0;0;1
-9.52;35;-0.126;0;0;1
-9.5;35;-0.125;0;0;1
-9.48;35;-0.124;0;0;1
-9.46;35;-0.123;0;0;1
-9.44;35;-0.122;0;0;1
-9.42;35;-0.121;0;0;1
-9.4;35;-0.12;0;0;1
-9.38;35;-0.119;0;0;1
-9.36;35;-0.118;0;0;1
-9.34;35;-0.11699999999999999;0;0;1
-9.32;35;-0.11599999999999999;0;0;1
-9.3;35;-0.11499999999999999;0;0;1
-9.28;35;-0.11399999999999999;0;0;1
-9.26;35;-0.11299999999999999;0;0;1
-9.24;35;-0.11199999999999999;0;0;1
-9.22;35;-0.11099999999999999;0;0;1
-9.2;35;-0.10999999999999999;0;0;1
-9.18;35;-0.10899999999999999;0;0;1
-9.16;35;-0.10799999999999998;0;0;1
-9.14;35;-0.10699999999999998;0;0;1
-9.12;35;-0.106;0;0;1
-9.1;35;-0.105;0;0;1
-9.08;35;-0.104;0;0;1
-9.06;35;-0.103;0;0;1
-9.04;35;-0.102;0;0;1
-9.02;35;-0.10099999999999999;0;0;1
-9;35;-0.09999999999999999;0;0;1
-8.98;35;-0.09899999999999999;0;0;1
-8.96;35;-0.09799999999999999;0;0;1
-8.94;35;-0.097;0;0;1
-8.92;35;-0.096;0;0;1
-8.9;35;-0.095;0;0;1
-8.879999999999999;35;-0.094;0;0;1
-8.86;35;-0.093;0;0;1
-8.84;35;-0.092;0;0;1
-8.82;35;-0.091;0;0;1
-8.8;35;-0.09;0;0;1
-8.78;35;-0.089;0;0;1
-8.76;35;-0.088;0;0;1
-8.74;35;-0.087;0;0;1
-8.72;35;-0.086;0;0;1
-8.7;35;-0.08499999999999999;0;0;1
-8.68;35;-0.08399999999999999;0;0;1
-8.66;35;-0.08299999999999999;0;0;1
-8.64;35;-0.08199999999999999;0;0;1
-8.62;35;-0.08099999999999999;0;0;1
-8.6;35;-0.07999999999999999;0;0;1
-8.58;35;-0.07899999999999999;0;0;1
-8.56;35;-0.07799999999999999;0;0;1
-8.54;35;-0.077;0;0;1
-8.52;35;-0.076;0;0;1
-8.5;35;-0.075;0;0;1
-8.48;35;-0.074;0;0;1
-8.46;35;-0.073;0;0;1
-8.44;35;-0.072;0;0;1
-8.42;35;-0.071;0;0;1
-8.4;35;-0.06999999999999999;0;0;1
-8.379999999999999;35;-0.06899999999999999;0;0;1
-8.36;35;-0.06799999999999999;0;0;1
-8.34;35;-0.06699999999999999;0;0;1
-8.32;35;-0.06599999999999999;0;0;1
-8.3;35;-0.06499999999999999;0;0;1
-8.28;35;-0.06399999999999999;0;0;1
-8.26;35;-0.06299999999999999;0;0;1
-8.24;35;-0.062;0;0;1
-8.22;35;-0.061;0;0;1
-8.2;35;-0.06;0;0;1
-8.18;35;-0.059;0;0;1
-8.16;35;-0.057999999999999996;0;0;1
-8.14;35;-0.056999999999999995;0;0;1
-8.12;35;-0.055999999999999994;0;0;1
-8.1;35;-0.05499999999999999;0;0;1
-8.08;35;-0.05399999999999999;0;0;1
-8.06;35;-0.05299999999999999;0;0;1
-8.04;35;-0.05199999999999999;0;0;1
-8.02;35;-0.05099999999999999;0;0;1
-8;35;-0.04999999999999999;0;0;1
-7.98;35;-0.04899999999999999;0;0;1
-7.96;35;-0.04799999999999999;0;0;1
-7.9399999999999995;35;-0.046999999999999986;0;0;1
-7.92;35;-0.045999999999999985;0;0;1
-7.9;35;-0.045;0;0;1
-7.88;35;-0.044;0;0;1
-7.859999999999999;35;-0.043;0;0;1
-7.84;35;-0.041999999999999996;0;0;1
-7.82;35;-0.040999999999999995;0;0;1
-7.8;35;-0.039999999999999994;0;0;1
-7.779999999999999;35;-0.03899999999999999;0;0;1
-7.76;35;-0.03799999999999999;0;0;1
-7.74;35;-0.03699999999999999;0;0;1
-7.72;35;-0.03599999999999999;0;0;1
-7.699999999999999;35;-0.03499999999999999;0;0;1
-7.68;35;-0.03399999999999999;0;0;1
-7.66;35;-0.03299999999999999;0;0;1
-7.640000000000001;35;-0.03199999999999999;0;0;1
-7.62;35;-0.030999999999999986;0;0;1
-7.6;35;-0.03;0;0;1
-7.58;35;-0.028999999999999998;0;0;1
-7.5600000000000005;35;-0.027999999999999997;0;0;1
-7.54;35;-0.026999999999999996;0;0;1
-7.52;35;-0.025999999999999995;0;0;1
-7.5;35;-0.024999999999999994;0;0;1
-7.48;35;-0.023999999999999994;0;0;1
-7.46;35;-0.022999999999999993;0;0;1
-7.4399999999999995;35;-0.021999999999999992;0;0;1
-7.42;35;-0.02099999999999999;0;0;1
-7.4;35;-0.01999999999999999;0;0;1
-7.38;35;-0.01899999999999999;0;0;1
-7.359999999999999;35;-0.017999999999999988;0;0;1
-7.34;35;-0.016999999999999987;0;0;1
-7.32;35;-0.015999999999999986;0;0;1
-7.3;35;-0.014999999999999986;0;0;1
-7.279999999999999;35;-0.013999999999999985;0;0;1
-7.26;35;-0.012999999999999984;0;0;1
-7.24;35;-0.011999999999999983;0;0;1
-7.22;35;-0.010999999999999982;0;0;1
-7.199999999999999;35;-0.009999999999999981;0;0;1
-7.18;35;-0.00899999999999998;0;0;1
-7.16;35;-0.00799999999999998;0;0;1
-7.140000000000001;35;-0.0069999999999999785;0;0;1
-7.12;35;-0.005999999999999978;0;0;1
-7.1;35;-0.0050000000000000044;0;0;1
-7.08;35;-0.0040000000000000036;0;0;1
-7.0600000000000005;35;-0.0030000000000000027;0;0;1
-7.04;35;-0.0020000000000000018;0;0;1
-7.02;35;-0.0010000000000000009;0;0;1
-7;35;0;0;0;1
-6.98;35;0.0010000000000000009;0;0;1
-6.96;35;0.0020000000000000018;0;0;1
-6.9399999999999995;35;0.0030000000000000027;0;0;1
-6.92;35;0.0040000000000000036;0;0;1
-6.9;35;0.0050000000000000044;0;0;1
-6.88;35;0.006000000000000005;0;0;1
-6.859999999999999;35;0.007000000000000006;0;0;1
-6.84;35;0.008000000000000007;0;0;1
-6.82;35;0.009000000000000008;0;0;1
-6.8;35;0.010000000000000009;0;0;1
-6.779999999999999;35;0.01100000000000001;0;0;1
-6.76;35;0.01200000000000001;0;0;1
-6.74;35;0.013000000000000012;0;0;1
-6.72;35;0.014000000000000012;0;0;1
-6.699999999999999;35;0.015000000000000013;0;0;1
-6.68;35;0.016000000000000014;0;0;1
-6.66;35;0.017000000000000015;0;0;1
-6.640000000000001;35;0.018000000000000016;0;0;1
-6.62;35;0.019000000000000017;0;0;1
-6.6;35;0.020000000000000018;0;0;1
-6.58;35;0.02100000000000002;0;0;1
-6.5600000000000005;35;0.02200000000000002;0;0;1
-6.54;35;0.02300000000000002;0;0;1
-6.52;35;0.02400000000000002;0;0;1
-6.5;35;0.025000000000000022;0;0;1
-6.48;35;0.025999999999999995;0;0;1
-6.46;35;0.026999999999999996;0;0;1
-6.4399999999999995;35;0.027999999999999997;0;0;1
-6.42;35;0.028999999999999998;0;0;1
-6.4;35;0.03;0;0;1
-6.38;35;0.031;0;0;1
-6.359999999999999;35;0.032;0;0;1
-6.34;35;0.033;0;0;1
-6.32;35;0.034;0;0;1
-6.3;35;0.035;0;0;1
-6.279999999999999;35;0.036000000000000004;0;0;1
-6.26;35;0.037000000000000005;0;0;1
-6.24;35;0.038000000000000006;0;0;1
-6.22;35;0.03900000000000001;0;0;1
-6.199999999999999;35;0.04000000000000001;0;0;1
-6.18;35;0.04100000000000001;0;0;1
-6.16;35;0.04200000000000001;0;0;1
-6.140000000000001;35;0.04300000000000001;0;0;1
-6.12;35;0.04400000000000001;0;0;1
-6.1;35;0.04500000000000001;0;0;1
-6.08;35;0.04600000000000001;0;0;1
-6.0600000000000005;35;0.047000000000000014;0;0;1
-6.04;35;0.048000000000000015;0;0;1
-6.02;35;0.049000000000000016;0;0;1
-6;35;0.05000000000000002;0;0;1
-5.9799999999999995;35;0.05100000000000002;0;0;1
-5.96;35;0.05200000000000002;0;0;1
-5.9399999999999995;35;0.05300000000000002;0;0;1
-5.92;35;0.05400000000000002;0;0;1
-5.9;35;0.05500000000000002;0;0;1
-5.88;35;0.05600000000000002;0;0;1
-5.86;35;0.05700000000000002;0;0;1
-5.84;35;0.058000000000000024;0;0;1
-5.82;35;0.059;0;0;1
-5.8;35;0.06;0;0;1
-5.78;35;0.061;0;0;1
-5.76;35;0.062;0;0;1
-5.74;35;0.063;0;0;1
-5.72;35;0.064;0;0;1
-5.7;35;0.065;0;0;1
-5.68;35;0.066;0;0;1
-5.66;35;0.067;0;0;1
-5.64;35;0.068;0;0;1
-5.62;35;0.069;0;0;1
-5.6;35;0.07;0;0;1
-5.58;35;0.07100000000000001;0;0;1
-5.56;35;0.07200000000000001;0;0;1
-5.54;35;0.07300000000000001;0;0;1
-5.52;35;0.07400000000000001;0;0;1
-5.5;35;0.07500000000000001;0;0;1
-5.4799999999999995;35;0.07600000000000001;0;0;1
-5.46;35;0.07700000000000001;0;0;1
-5.4399999999999995;35;0.07800000000000001;0;0;1
-5.42;35;0.07900000000000001;0;0;1
-5.3999999999999995;35;0.08000000000000002;0;0;1
-5.38;35;0.08100000000000002;0;0;1
-5.36;35;0.08200000000000002;0;0;1
-5.34;35;0.08300000000000002;0;0;1
-5.32;35;0.08400000000000002;0;0;1
-5.3;35;0.08500000000000002;0;0;1
-5.28;35;0.08600000000000002;0;0;1
-5.26;35;0.08700000000000002;0;0;1
-5.24;35;0.08800000000000002;0;0;1
-5.22;35;0.08900000000000002;0;0;1
-5.2;35;0.09;0;0;1
-5.18;35;0.091;0;0;1
-5.16;35;0.092;0;0;1
-5.14;35;0.093;0;0;1
-5.12;35;0.094;0;0;1
-5.1;35;0.095;0;0;1
-5.08;35;0.096;0;0;1
-5.06;35;0.097;0;0;1
-5.04;35;0.098;0;0;1
-5.02;35;0.099;0;0;1
-5;35;0.1;0;0;1
-4.9799999999999995;35;0.101;0;0;1
-4.96;35;0.10200000000000001;0;0;1
-4.9399999999999995;35;0.10300000000000001;0;0;1
-4.92;35;0.10400000000000001;0;0;1
-4.8999999999999995;35;0.10500000000000001;0;0;1
-4.88;35;0.10600000000000001;0;0;1
-4.86;35;0.10700000000000001;0;0;1
-4.84;35;0.10800000000000001;0;0;1
-4.82;35;0.10900000000000001;0;0;1
-4.8;35;0.11000000000000001;0;0;1
-4.78;35;0.11100000000000002;0;0;1
-4.76;35;0.11200000000000002;0;0;1
-4.74;35;0.11300000000000002;0;0;1
-4.72;35;0.11400000000000002;0;0;1
-4.7;35;0.11500000000000002;0;0;1
-4.68;35;0.11600000000000002;0;0;1
-4.66;35;0.11700000000000002;0;0;1
-4.64;35;0.11800000000000002;0;0;1
-4.62;35;0.11900000000000002;0;0;1
-4.6;35;0.12000000000000002;0;0;1
-4.58;35;0.12100000000000002;0;0;1
-4.56;35;0.12200000000000003;0;0;1
-4.54;35;0.12300000000000003;0;0;1
-4.52;35;0.12400000000000003;0;0;1
-4.5;35;0.12500000000000003;0;0;1
-4.4799999999999995;35;0.12600000000000003;0;0;1
-4.46;35;0.12700000000000003;0;0;1
-4.4399999999999995;35;0.12800000000000003;0;0;1
-4.42;35;0.12900000000000003;0;0;1
-4.3999999999999995;35;0.13000000000000003;0;0;1
-4.38;35;0.13100000000000003;0;0;1
-4.36;35;0.13200000000000003;0;0;1
-4.34;35;0.13300000000000003;0;0;1
-4.32;35;0.13400000000000004;0;0;1
-4.3;35;0.13500000000000004;0;0;1
-4.28;35;0.13600000000000004;0;0;1
-4.26;35;0.13700000000000004;0;0;1
-4.24;35;0.13800000000000004;0;0;1
-4.22;35;0.13899999999999998;0;0;1
-4.2;35;0.13999999999999999;0;0;1
-4.18;35;0.141;0;0;1
-4.16;35;0.142;0;0;1
-4.14;35;0.143;0;0;1
-4.12;35;0.144;0;0;1
-4.1;35;0.145;0;0;1
-4.08;35;0.146;0;0;1
-4.06;35;0.147;0;0;1
-4.04;35;0.148;0;0;1
-4.02;35;0.149;0;0;1
-4;35;0.15;0;0;1
-3.9799999999999995;35;0.151;0;0;1
-3.96;35;0.152;0;0;1
-3.9399999999999995;35;0.153;0;0;1
-3.92;35;0.154;0;0;1
-3.8999999999999995;35;0.155;0;0;1
-3.88;35;0.156;0;0;1
-3.8599999999999994;35;0.157;0;0;1
-3.84;35;0.158;0;0;1
-3.8200000000000003;35;0.159;0;0;1
-3.8;35;0.16;0;0;1
-3.7800000000000002;35;0.161;0;0;1
-3.76;35;0.162;0;0;1
-3.74;35;0.163;0;0;1
-3.7199999999999998;35;0.164;0;0;1
-3.7;35;0.165;0;0;1
-3.6799999999999997;35;0.166;0;0;1
-3.66;35;0.167;0;0;1
-3.6399999999999997;35;0.168;0;0;1
-3.62;35;0.169;0;0;1
-3.5999999999999996;35;0.17;0;0;1
-3.58;35;0.171;0;0;1
-3.5599999999999996;35;0.17200000000000001;0;0;1
-3.54;35;0.17300000000000001;0;0;1
-3.5199999999999996;35;0.17400000000000002;0;0;1
-3.5;35;0.17500000000000002;0;0;1
-3.4799999999999995;35;0.17600000000000002;0;0;1
-3.46;35;0.17700000000000002;0;0;1
-3.4399999999999995;35;0.17800000000000002;0;0;1
-3.42;35;0.17900000000000002;0;0;1
-3.3999999999999995;35;0.18000000000000002;0;0;1
-3.38;35;0.18100000000000002;0;0;1
-3.3599999999999994;35;0.18200000000000002;0;0;1
-3.34;35;0.18300000000000002;0;0;1
-3.3200000000000003;35;0.18400000000000002;0;0;1
-3.3;35;0.18500000000000003;0;0;1
-3.2800000000000002;35;0.18600000000000003;0;0;1
-3.26;35;0.18700000000000003;0;0;1
-3.24;35;0.18800000000000003;0;0;1
-3.2199999999999998;35;0.18900000000000003;0;0;1
-3.2;35;0.19000000000000003;0;0;1
-3.1799999999999997;35;0.19100000000000003;0;0;1
-3.16;35;0.19200000000000003;0;0;1
-3.1399999999999997;35;0.19300000000000003;0;0;1
-3.12;35;0.19400000000000003;0;0;1
-3.0999999999999996;35;0.19500000000000003;0;0;1
-3.08;35;0.19600000000000004;0;0;1
-3.0599999999999996;35;0.19700000000000004;0;0;1
-3.04;35;0.19800000000000004;0;0;1
-3.0199999999999996;35;0.19900000000000004;0;0;1
-3;35;0.20000000000000004;0;0;1
-2.9799999999999995;35;0.20100000000000004;0;0;1
-2.96;35;0.20199999999999999;0;0;1
-2.9399999999999995;35;0.20299999999999999;0;0;1
-2.92;35;0.204;0;0;1
-2.8999999999999995;35;0.205;0;0;1
-2.88;35;0.206;0;0;1
-2.8599999999999994;35;0.207;0;0;1
-2.84;35;0.208;0;0;1
-2.8200000000000003;35;0.209;0;0;1
-2.8;35;0.21;0;0;1
-2.7800000000000002;35;0.211;0;0;1
-2.76;35;0.212;0;0;1
-2.74;35;0.213;0;0;1
-2.7199999999999998;35;0.214;0;0;1
-2.7;35;0.215;0;0;1
-2.6799999999999997;35;0.216;0;0;1
-2.66;35;0.217;0;0;1
-2.6399999999999997;35;0.218;0;0;1
-2.62;35;0.219;0;0;1
-2.5999999999999996;35;0.22;0;0;1
-2.58;35;0.221;0;0;1
-2.5599999999999996;35;0.222;0;0;1
-2.54;35;0.223;0;0;1
-2.5199999999999996;35;0.224;0;0;1
-2.5;35;0.225;0;0;1
-2.4799999999999995;35;0.226;0;0;1
-2.46;35;0.227;0;0;1
-2.4399999999999995;35;0.228;0;0;1
-2.42;35;0.229;0;0;1
-2.3999999999999995;35;0.23;0;0;1
-2.38;35;0.231;0;0;1
-2.3599999999999994;35;0.232;0;0;1
-2.34;35;0.233;0;0;1
-2.3200000000000003;35;0.234;0;0;1
-2.3;35;0.23500000000000001;0;0;1
-2.2800000000000002;35;0.23600000000000002;0;0;1
-2.26;35;0.23700000000000002;0;0;1
-2.24;35;0.23800000000000002;0;0;1
-2.2199999999999998;35;0.23900000000000002;0;0;1
-2.2;35;0.24000000000000002;0;0;1
-2.1799999999999997;35;0.24100000000000002;0;0;1
-2.16;35;0.24200000000000002;0;0;1
-2.1399999999999997;35;0.24300000000000002;0;0;1
-2.12;35;0.24400000000000002;0;0;1
-2.0999999999999996;35;0.24500000000000002;0;0;1
-2.08;35;0.24600000000000002;0;0;1
-2.0599999999999996;35;0.24700000000000003;0;0;1
-2.04;35;0.24800000000000003;0;0;1
-2.0199999999999996;35;0.24900000000000003;0;0;1
-2;35;0.25;0;0;1
-1.9800000000000004;35;0.251;0;0;1
-1.959999999999999;35;0.252;0;0;1
-1.9399999999999995;35;0.253;0;0;1
-1.92;35;0.254;0;0;1
-1.9000000000000004;35;0.255;0;0;1
-1.879999999999999;35;0.256;0;0;1
-1.8599999999999994;35;0.257;0;0;1
-1.8399999999999999;35;0.258;0;0;1
-1.8200000000000003;35;0.259;0;0;1
-1.8000000000000007;35;0.26;0;0;1
-1.7799999999999994;35;0.261;0;0;1
-1.7599999999999998;35;0.262;0;0;1
-1.7400000000000002;35;0.263;0;0;1
-1.7200000000000006;35;0.264;0;0;1
-1.6999999999999993;35;0.265;0;0;1
-1.6799999999999997;35;0.266;0;0;1
-1.6600000000000001;35;0.267;0;0;1
-1.6400000000000006;35;0.268;0;0;1
-1.6199999999999992;35;0.269;0;0;1
-1.5999999999999996;35;0.27;0;0;1
-1.58;35;0.271;0;0;1
-1.5600000000000005;35;0.272;0;0;1
-1.5399999999999991;35;0.273;0;0;1
-1.5199999999999996;35;0.274;0;0;1
-1.5;35;0.275;0;0;1
-1.4800000000000004;35;0.276;0;0;1
-1.459999999999999;35;0.277;0;0;1
-1.4399999999999995;35;0.278;0;0;1
-1.42;35;0.279;0;0;1
-1.4000000000000004;35;0.28;0;0;1
-1.379999999999999;35;0.281;0;0;1
-1.3599999999999994;35;0.28200000000000003;0;0;1
-1.3399999999999999;35;0.28300000000000003;0;0;1
-1.3200000000000003;35;0.28400000000000003;0;0;1
-1.299999999999999;35;0.28500000000000003;0;0;1
-1.2799999999999994;35;0.28600000000000003;0;0;1
-1.2599999999999998;35;0.28700000000000003;0;0;1
-1.2400000000000002;35;0.28800000000000003;0;0;1
-1.2200000000000006;35;0.28900000000000003;0;0;1
-1.1999999999999993;35;0.29000000000000004;0;0;1
-1.1799999999999997;35;0.29100000000000004;0;0;1
-1.1600000000000001;35;0.29200000000000004;0;0;1
-1.1400000000000006;35;0.29300000000000004;0;0;1
-1.1199999999999992;35;0.29400000000000004;0;0;1
-1.0999999999999996;35;0.29500000000000004;0;0;1
-1.08;35;0.29600000000000004;0;0;1
-1.0600000000000005;35;0.29700000000000004;0;0;1
-1.0399999999999991;35;0.29800000000000004;0;0;1
-1.0199999999999996;35;0.29900000000000004;0;0;1
-1;35;0.30000000000000004;0;0;1
-0.9800000000000004;35;0.30100000000000005;0;0;1
-0.9599999999999991;35;0.30200000000000005;0;0;1
-0.9399999999999995;35;0.30300000000000005;0;0;1
-0.9199999999999999;35;0.30400000000000005;0;0;1
-0.9000000000000004;35;0.30500000000000005;0;0;1
-0.879999999999999;35;0.30600000000000005;0;0;1
-0.8599999999999994;35;0.30700000000000005;0;0;1
-0.8399999999999999;35;0.30800000000000005;0;0;1
-0.8200000000000003;35;0.30900000000000005;0;0;1
-0.7999999999999989;35;0.31000000000000005;0;0;1
-0.7799999999999994;35;0.31100000000000005;0;0;1
-0.7599999999999998;35;0.31200000000000006;0;0;1
-0.7400000000000002;35;0.31300000000000006;0;0;1
-0.7200000000000006;35;0.31400000000000006;0;0;1
-0.6999999999999993;35;0.31500000000000006;0;0;1
-0.6799999999999997;35;0.31600000000000006;0;0;1
-0.6600000000000001;35;0.31700000000000006;0;0;1
-0.6400000000000006;35;0.31800000000000006;0;0;1
-0.6199999999999992;35;0.31900000000000006;0;0;1
-0.5999999999999996;35;0.32000000000000006;0;0;1
-0.5800000000000001;35;0.32100000000000006;0;0;1
-0.5600000000000005;35;0.32200000000000006;0;0;1
-0.5399999999999991;35;0.32300000000000006;0;0;1
-0.5199999999999996;35;0.32400000000000007;0;0;1
-0.5;35;0.32500000000000007;0;0;1
-0.4800000000000004;35;0.32600000000000007;0;0;1
-0.4599999999999991;35;0.32700000000000007;0;0;1
-0.4399999999999995;35;0.32800000000000007;0;0;1
-0.41999999999999993;35;0.32900000000000007;0;0;1
-0.40000000000000036;35;0.32999999999999996;0;0;1
-0.379999999999999;35;0.33099999999999996;0;0;1
-0.35999999999999943;35;0.33199999999999996;0;0;1
-0.33999999999999986;35;0.33299999999999996;0;0;1
-0.3200000000000003;35;0.33399999999999996;0;0;1
-0.29999999999999893;35;0.33499999999999996;0;0;1
-0.27999999999999936;35;0.33599999999999997;0;0;1
-0.2599999999999998;35;0.33699999999999997;0;0;1
-0.2400000000000002;35;0.33799999999999997;0;0;1
-0.22000000000000064;35;0.33899999999999997;0;0;1
-0.1999999999999993;35;0.33999999999999997;0;0;1
-0.17999999999999972;35;0.34099999999999997;0;0;1
-0.16000000000000014;35;0.34199999999999997;0;0;1
-0.14000000000000057;35;0.34299999999999997;0;0;1
-0.11999999999999922;35;0.344;0;0;1
-0.09999999999999964;35;0.345;0;0;1
-0.08000000000000007;35;0.346;0;0;1
-0.0600000000000005;35;0.347;0;0;1
-0.03999999999999915;35;0.348;0;0;1
-0.019999999999999574;35;0.349;0;0;1
0;35;0.35;0;0;1
0.019999999999999574;35;0.351;0;0;1
0.040000000000000924;35;0.352;0;0;1
0.0600000000000005;35;0.353;0;0;1
0.08000000000000007;35;0.354;0;0;1
0.09999999999999964;35;0.355;0;0;1
0.120000000000001;35;0.356;0;0;1
0.14000000000000057;35;0.357;0;0;1
0.16000000000000014;35;0.358;0;0;1
0.17999999999999972;35;0.359;0;0;1
0.20000000000000107;35;0.36;0;0;1
0.22000000000000064;35;0.361;0;0;1
0.2400000000000002;35;0.362;0;0;1
0.2599999999999998;35;0.363;0;0;1
0.27999999999999936;35;0.364;0;0;1
0.3000000000000007;35;0.365;0;0;1
0.3200000000000003;35;0.366;0;0;1
0.33999999999999986;35;0.367;0;0;1
0.35999999999999943;35;0.368;0;0;1
0.3800000000000008;35;0.369;0;0;1
0.40000000000000036;35;0.37;0;0;1
0.41999999999999993;35;0.371;0;0;1
0.4399999999999995;35;0.372;0;0;1
0.46000000000000085;35;0.373;0;0;1
0.4800000000000004;35;0.374;0;0;1
0.5;35;0.375;0;0;1
0.5199999999999996;35;0.376;0;0;1
0.5400000000000009;35;0.377;0;0;1
0.5600000000000005;35;0.378;0;0;1
0.5800000000000001;35;0.379;0;0;1
0.5999999999999996;35;0.38;0;0;1
0.620000000000001;35;0.381;0;0;1
0.6400000000000006;35;0.382;0;0;1
0.6600000000000001;35;0.383;0;0;1
0.6799999999999997;35;0.384;0;0;1
0.7000000000000011;35;0.385;0;0;1
0.7200000000000006;35;0.386;0;0;1
0.7400000000000002;35;0.387;0;0;1
0.7599999999999998;35;0.388;0;0;1
0.7799999999999994;35;0.389;0;0;1
0.8000000000000007;35;0.39;0;0;1
0.8200000000000003;35;0.391;0;0;1
0.8399999999999999;35;0.392;0;0;1
0.8599999999999994;35;0.393;0;0;1
0.8800000000000008;35;0.394;0;0;1
0.9000000000000004;35;0.395;0;0;1
0.9199999999999999;35;0.396;0;0;1
0.9399999999999995;35;0.397;0;0;1
0.9600000000000009;35;0.398;0;0;1
0.9800000000000004;35;0.399;0;0;1
1;35;0.4;0;0;1
1.0199999999999996;35;0.401;0;0;1
1.040000000000001;35;0.402;0;0;1
1.0600000000000005;35;0.403;0;0;1
1.08;35;0.404;0;0;1
1.0999999999999996;35;0.405;0;0;1
1.120000000000001;35;0.406;0;0;1
1.1400000000000006;35;0.40700000000000003;0;0;1
1.1600000000000001;35;0.40800000000000003;0;0;1
1.1799999999999997;35;0.40900000000000003;0;0;1
1.200000000000001;35;0.41000000000000003;0;0;1
1.2200000000000006;35;0.41100000000000003;0;0;1
1.2400000000000002;35;0.41200000000000003;0;0;1
1.2599999999999998;35;0.41300000000000003;0;0;1
1.2799999999999994;35;0.41400000000000003;0;0;1
1.3000000000000007;35;0.41500000000000004;0;0;1
1.3200000000000003;35;0.41600000000000004;0;0;1
1.3399999999999999;35;0.41700000000000004;0;0;1
1.3599999999999994;35;0.41800000000000004;0;0;1
1.3800000000000008;35;0.41900000000000004;0;0;1
1.4000000000000004;35;0.42000000000000004;0;0;1
1.42;35;0.42100000000000004;0;0;1
1.4399999999999995;35;0.42200000000000004;0;0;1
1.4600000000000009;35;0.42300000000000004;0;0;1
1.4800000000000004;35;0.42400000000000004;0;0;1
1.5;35;0.42500000000000004;0;0;1
1.5199999999999996;35;0.42600000000000005;0;0;1
1.540000000000001;35;0.42699999999999994;0;0;1
1.5600000000000005;35;0.42799999999999994;0;0;1
1.58;35;0.42899999999999994;0;0;1
1.5999999999999996;35;0.42999999999999994;0;0;1
1.620000000000001;35;0.43099999999999994;0;0;1
1.6400000000000006;35;0.43199999999999994;0;0;1
1.6600000000000001;35;0.43299999999999994;0;0;1
1.6799999999999997;35;0.43399999999999994;0;0;1
1.700000000000001;35;0.43499999999999994;0;0;1
1.7200000000000006;35;0.43599999999999994;0;0;1
1.7400000000000002;35;0.43699999999999994;0;0;1
1.7599999999999998;35;0.43799999999999994;0;0;1
1.7799999999999994;35;0.43899999999999995;0;0;1
1.8000000000000007;35;0.43999999999999995;0;0;1
1.8200000000000003;35;0.44099999999999995;0;0;1
1.8399999999999999;35;0.44199999999999995;0;0;1
1.8599999999999994;35;0.44299999999999995;0;0;1
1.8800000000000008;35;0.44399999999999995;0;0;1
1.9000000000000004;35;0.44499999999999995;0;0;1
1.92;35;0.44599999999999995;0;0;1
1.9399999999999995;35;0.44699999999999995;0;0;1
1.9600000000000009;35;0.44799999999999995;0;0;1
1.9800000000000004;35;0.44899999999999995;0;0;1
2;35;0.44999999999999996;0;0;1
2.0199999999999996;35;0.45099999999999996;0;0;1
2.040000000000001;35;0.45199999999999996;0;0;1
2.0600000000000005;35;0.45299999999999996;0;0;1
2.08;35;0.45399999999999996;0;0;1
2.0999999999999996;35;0.45499999999999996;0;0;1
2.120000000000001;35;0.45599999999999996;0;0;1
2.1400000000000006;35;0.45699999999999996;0;0;1
2.16;35;0.45799999999999996;0;0;1
2.1799999999999997;35;0.45899999999999996;0;0;1
2.200000000000001;35;0.45999999999999996;0;0;1
2.2200000000000006;35;0.46099999999999997;0;0;1
2.24;35;0.46199999999999997;0;0;1
2.26;35;0.46299999999999997;0;0;1
2.280000000000001;35;0.46399999999999997;0;0;1
2.3000000000000007;35;0.46499999999999997;0;0;1
2.3200000000000003;35;0.46599999999999997;0;0;1
2.34;35;0.46699999999999997;0;0;1
2.3599999999999994;35;0.46799999999999997;0;0;1
2.380000000000001;35;0.469;0;0;1
2.4000000000000004;35;0.47;0;0;1
2.42;35;0.471;0;0;1
2.4399999999999995;35;0.472;0;0;1
2.460000000000001;35;0.473;0;0;1
2.4800000000000004;35;0.474;0;0;1
2.5;35;0.475;0;0;1
2.5199999999999996;35;0.476;0;0;1
2.540000000000001;35;0.477;0;0;1
2.5600000000000005;35;0.478;0;0;1
2.58;35;0.479;0;0;1
2.5999999999999996;35;0.48;0;0;1
2.620000000000001;35;0.481;0;0;1
2.6400000000000006;35;0.482;0;0;1
2.66;35;0.483;0;0;1
2.6799999999999997;35;0.484;0;0;1
2.700000000000001;35;0.485;0;0;1
2.7200000000000006;35;0.486;0;0;1
2.74;35;0.487;0;0;1
2.76;35;0.488;0;0;1
2.780000000000001;35;0.489;0;0;1
2.8000000000000007;35;0.49;0;0;1
2.8200000000000003;35;0.491;0;0;1
2.84;35;0.492;0;0;1
2.8599999999999994;35;0.493;0;0;1
2.880000000000001;35;0.494;0;0;1
2.9000000000000004;35;0.495;0;0;1
2.92;35;0.496;0;0;1
2.9399999999999995;35;0.497;0;0;1
2.960000000000001;35;0.498;0;0;1
2.9800000000000004;35;0.499;0;0;1
3;35;0.5;0;0;1
3.0199999999999996;35;0.501;0;0;1
3.040000000000001;35;0.502;0;0;1
3.0600000000000005;35;0.503;0;0;1
3.08;35;0.504;0;0;1
3.0999999999999996;35;0.505;0;0;1
3.120000000000001;35;0.506;0;0;1
3.1400000000000006;35;0.507;0;0;1
3.16;35;0.508;0;0;1
3.1799999999999997;35;0.509;0;0;1
3.200000000000001;35;0.51;0;0;1
3.2200000000000006;35;0.511;0;0;1
3.24;35;0.512;0;0;1
3.26;35;0.513;0;0;1
3.280000000000001;35;0.514;0;0;1
3.3000000000000007;35;0.515;0;0;1
3.3200000000000003;35;0.516;0;0;1
3.34;35;0.517;0;0;1
3.3599999999999994;35;0.518;0;0;1
3.380000000000001;35;0.519;0;0;1
3.4000000000000004;35;0.52;0;0;1
3.42;35;0.521;0;0;1
3.4399999999999995;35;0.522;0;0;1
3.460000000000001;35;0.523;0;0;1
3.4800000000000004;35;0.524;0;0;1
3.5;35;0.525;0;0;1
3.5199999999999996;35;0.526;0;0;1
3.540000000000001;35;0.527;0;0;1
3.5600000000000005;35;0.528;0;0;1
3.58;35;0.529;0;0;1
3.5999999999999996;35;0.53;0;0;1
3.620000000000001;35;0.531;0;0;1
3.6400000000000006;35;0.532;0;0;1
3.66;35;0.533;0;0;1
3.6799999999999997;35;0.534;0;0;1
3.700000000000001;35;0.535;0;0;1
3.7200000000000006;35;0.536;0;0;1
3.74;35;0.537;0;0;1
3.76;35;0.538;0;0;1
3.780000000000001;35;0.539;0;0;1
3.8000000000000007;35;0.54;0;0;1
3.8200000000000003;35;0.541;0;0;1
3.84;35;0.542;0;0;1
3.8599999999999994;35;0.543;0;0;1
3.880000000000001;35;0.544;0;0;1
3.9000000000000004;35;0.545;0;0;1
3.92;35;0.546;0;0;1
3.9399999999999995;35;0.547;0;0;1
3.960000000000001;35;0.548;0;0;1
3.9800000000000004;35;0.549;0;0;1
4;35;0.55;0;0;1
4.02;35;0.551;0;0;1
4.040000000000001;35;0.552;0;0;1
4.0600000000000005;35;0.553;0;0;1
4.08;35;0.5539999999999999;0;0;1
4.1;35;0.5549999999999999;0;0;1
4.120000000000001;35;0.5559999999999999;0;0;1
4.140000000000001;35;0.5569999999999999;0;0;1
4.16;35;0.5579999999999999;0;0;1
4.18;35;0.5589999999999999;0;0;1
4.200000000000001;35;0.5599999999999999;0;0;1
4.220000000000001;35;0.5609999999999999;0;0;1
4.24;35;0.5619999999999999;0;0;1
4.26;35;0.563;0;0;1
4.280000000000001;35;0.564;0;0;1
4.300000000000001;35;0.565;0;0;1
4.32;35;0.566;0;0;1
4.34;35;0.567;0;0;1
4.359999999999999;35;0.568;0;0;1
4.380000000000001;35;0.569;0;0;1
4.4;35;0.57;0;0;1
4.42;35;0.571;0;0;1
4.4399999999999995;35;0.572;0;0;1
4.460000000000001;35;0.573;0;0;1
4.48;35;0.574;0;0;1
4.5;35;0.575;0;0;1
4.52;35;0.576;0;0;1
4.540000000000001;35;0.577;0;0;1
4.5600000000000005;35;0.578;0;0;1
4.58;35;0.579;0;0;1
4.6;35;0.58;0;0;1
4.620000000000001;35;0.581;0;0;1
4.640000000000001;35;0.582;0;0;1
4.66;35;0.583;0;0;1
4.68;35;0.584;0;0;1
4.700000000000001;35;0.585;0;0;1
4.720000000000001;35;0.586;0;0;1
4.74;35;0.587;0;0;1
4.76;35;0.588;0;0;1
4.780000000000001;35;0.589;0;0;1
4.800000000000001;35;0.59;0;0;1
4.82;35;0.591;0;0;1
4.84;35;0.592;0;0;1
4.859999999999999;35;0.593;0;0;1
4.880000000000001;35;0.594;0;0;1
4.9;35;0.595;0;0;1
4.92;35;0.596;0;0;1
4.9399999999999995;35;0.597;0;0;1
4.960000000000001;35;0.598;0;0;1
4.98;35;0.599;0;0;1
5;35;0.6;0;0;1
5.02;35;0.601;0;0;1
5.040000000000001;35;0.602;0;0;1
5.0600000000000005;35;0.603;0;0;1
5.08;35;0.604;0;0;1
5.1;35;0.605;0;0;1
5.120000000000001;35;0.606;0;0;1
5.140000000000001;35;0.607;0;0;1
5.16;35;0.608;0;0;1
5.18;35;0.609;0;0;1
5.200000000000001;35;0.61;0;0;1
5.220000000000001;35;0.611;0;0;1
5.24;35;0.612;0;0;1
5.26;35;0.613;0;0;1
5.280000000000001;35;0.614;0;0;1
5.300000000000001;35;0.615;0;0;1
5.32;35;0.616;0;0;1
5.34;35;0.617;0;0;1
5.359999999999999;35;0.618;0;0;1
5.380000000000001;35;0.619;0;0;1
5.4;35;0.62;0;0;1
5.42;35;0.621;0;0;1
5.4399999999999995;35;0.622;0;0;1
5.460000000000001;35;0.623;0;0;1
5.48;35;0.624;0;0;1
5.5;35;0.625;0;0;1
5.52;35;0.626;0;0;1
5.540000000000001;35;0.627;0;0;1
5.5600000000000005;35;0.628;0;0;1
5.58;35;0.629;0;0;1
5.6;35;0.63;0;0;1
5.620000000000001;35;0.631;0;0;1
5.640000000000001;35;0.632;0;0;1
5.66;35;0.633;0;0;1
5.68;35;0.634;0;0;1
5.700000000000001;35;0.635;0;0;1
5.720000000000001;35;0.636;0;0;1
5.74;35;0.637;0;0;1
5.76;35;0.638;0;0;1
5.780000000000001;35;0.639;0;0;1
5.800000000000001;35;0.64;0;0;1
5.82;35;0.641;0;0;1
5.84;35;0.642;0;0;1
5.860000000000001;35;0.643;0;0;1
5.880000000000001;35;0.644;0;0;1
5.9;35;0.645;0;0;1
5.92;35;0.646;0;0;1
5.9399999999999995;35;0.647;0;0;1
5.960000000000001;35;0.648;0;0;1
5.98;35;0.649;0;0;1
6;35;0.65;0;0;1
6.02;35;0.651;0;0;1
6.039999999999999;35;0.652;0;0;1
6.059999999999999;35;0.653;0;0;1
6.080000000000002;35;0.654;0;0;1
6.100000000000001;35;0.655;0;0;1
6.120000000000001;35;0.656;0;0;1
6.140000000000001;35;0.657;0;0;1
6.16;35;0.658;0;0;1
6.18;35;0.659;0;0;1
6.199999999999999;35;0.66;0;0;1
6.219999999999999;35;0.661;0;0;1
6.240000000000002;35;0.662;0;0;1
6.260000000000002;35;0.663;0;0;1
6.280000000000001;35;0.664;0;0;1
6.300000000000001;35;0.665;0;0;1
6.32;35;0.666;0;0;1
6.34;35;0.667;0;0;1
6.359999999999999;35;0.668;0;0;1
6.379999999999999;35;0.669;0;0;1
6.399999999999999;35;0.67;0;0;1
6.420000000000002;35;0.671;0;0;1
6.440000000000001;35;0.672;0;0;1
6.460000000000001;35;0.673;0;0;1
6.48;35;0.674;0;0;1
6.5;35;0.675;0;0;1
6.52;35;0.676;0;0;1
6.539999999999999;35;0.677;0;0;1
6.559999999999999;35;0.678;0;0;1
6.580000000000002;35;0.679;0;0;1
6.600000000000001;35;0.68;0;0;1
6.620000000000001;35;0.681;0;0;1
6.640000000000001;35;0.682;0;0;1
6.66;35;0.6829999999999999;0;0;1
6.68;35;0.6839999999999999;0;0;1
6.699999999999999;35;0.6849999999999999;0;0;1
6.719999999999999;35;0.6859999999999999;0;0;1
6.740000000000002;35;0.6869999999999999;0;0;1
6.760000000000002;35;0.688;0;0;1
6.780000000000001;35;0.689;0;0;1
6.800000000000001;35;0.69;0;0;1
6.82;35;0.691;0;0;1
6.84;35;0.692;0;0;1
6.859999999999999;35;0.693;0;0;1
6.879999999999999;35;0.694;0;0;1
6.899999999999999;35;0.695;0;0;1
6.920000000000002;35;0.696;0;0;1
6.940000000000001;35;0.697;0;0;1
6.960000000000001;35;0.698;0;0;1
6.98;35;0.699;0;0;1
7;35;0.7;0;0;1
7.02;35;0.701;0;0;1
7.039999999999999;35;0.702;0;0;1
7.059999999999999;35;0.703;0;0;1
7.080000000000002;35;0.704;0;0;1
7.100000000000001;35;0.705;0;0;1
7.120000000000001;35;0.706;0;0;1
7.140000000000001;35;0.707;0;0;1
7.16;35;0.708;0;0;1
7.18;35;0.709;0;0;1
7.199999999999999;35;0.71;0;0;1
7.219999999999999;35;0.711;0;0;1
7.240000000000002;35;0.712;0;0;1
7.260000000000002;35;0.713;0;0;1
7.280000000000001;35;0.714;0;0;1
7.300000000000001;35;0.715;0;0;1
7.32;35;0.716;0;0;1
7.34;35;0.717;0;0;1
7.359999999999999;35;0.718;0;0;1
7.379999999999999;35;0.719;0;0;1
7.400000000000002;35;0.72;0;0;1
7.420000000000002;35;0.721;0;0;1
7.440000000000001;35;0.722;0;0;1
7.460000000000001;35;0.723;0;0;1
7.48;35;0.724;0;0;1
7.5;35;0.725;0;0;1
7.52;35;0.726;0;0;1
7.539999999999999;35;0.727;0;0;1
7.559999999999999;35;0.728;0;0;1
7.580000000000002;35;0.729;0;0;1
7.600000000000001;35;0.73;0;0;1
7.620000000000001;35;0.731;0;0;1
7.640000000000001;35;0.732;0;0;1
7.66;35;0.733;0;0;1
7.68;35;0.734;0;0;1
7.699999999999999;35;0.735;0;0;1
7.719999999999999;35;0.736;0;0;1
7.740000000000002;35;0.737;0;0;1
7.760000000000002;35;0.738;0;0;1
7.780000000000001;35;0.739;0;0;1
7.800000000000001;35;0.74;0;0;1
7.82;35;0.741;0;0;1
7.84;35;0.742;0;0;1
7.859999999999999;35;0.743;0;0;1
7.879999999999999;35;0.744;0;0;1
7.900000000000002;35;0.745;0;0;1
7.920000000000002;35;0.746;0;0;1
7.940000000000001;35;0.747;0;0;1
7.960000000000001;35;0.748;0;0;1
7.98;35;0.749;0;0;1
8;35;0.75;0;0;1
8.02;35;0.751;0;0;1
8.04;35;0.752;0;0;1
8.059999999999999;35;0.753;0;0;1
8.080000000000002;35;0.754;0;0;1
8.100000000000001;35;0.755;0;0;1
8.120000000000001;35;0.756;0;0;1
8.14;35;0.757;0;0;1
8.16;35;0.758;0;0;1
8.18;35;0.759;0;0;1
8.2;35;0.76;0;0;1
8.219999999999999;35;0.761;0;0;1
8.240000000000002;35;0.762;0;0;1
8.260000000000002;35;0.763;0;0;1
8.280000000000001;35;0.764;0;0;1
8.3;35;0.765;0;0;1
8.32;35;0.766;0;0;1
8.34;35;0.767;0;0;1
8.36;35;0.768;0;0;1
8.379999999999999;35;0.769;0;0;1
8.400000000000002;35;0.77;0;0;1
8.420000000000002;35;0.771;0;0;1
8.440000000000001;35;0.772;0;0;1
8.46;35;0.773;0;0;1
8.48;35;0.774;0;0;1
8.5;35;0.775;0;0;1
8.52;35;0.776;0;0;1
8.54;35;0.777;0;0;1
8.559999999999999;35;0.778;0;0;1
8.580000000000002;35;0.779;0;0;1
8.600000000000001;35;0.78;0;0;1
8.620000000000001;35;0.781;0;0;1
8.64;35;0.782;0;0;1
8.66;35;0.783;0;0;1
8.68;35;0.784;0;0;1
8.7;35;0.785;0;0;1
8.719999999999999;35;0.786;0;0;1
8.740000000000002;35;0.787;0;0;1
8.760000000000002;35;0.788;0;0;1
8.780000000000001;35;0.789;0;0;1
8.8;35;0.79;0;0;1
8.82;35;0.791;0;0;1
8.84;35;0.792;0;0;1
8.86;35;0.793;0;0;1
8.879999999999999;35;0.794;0;0;1
8.900000000000002;35;0.795;0;0;1
8.920000000000002;35;0.796;0;0;1
8.940000000000001;35;0.797;0;0;1
8.96;35;0.798;0;0;1
8.98;35;0.799;0;0;1
9;35;0.8;0;0;1
9.02;35;0.801;0;0;1
9.04;35;0.802;0;0;1
9.059999999999999;35;0.803;0;0;1
9.080000000000002;35;0.804;0;0;1
9.100000000000001;35;0.805;0;0;1
9.120000000000001;35;0.806;0;0;1
9.14;35;0.807;0;0;1
9.16;35;0.808;0;0;1
9.18;35;0.809;0;0;1
9.2;35;0.8099999999999999;0;0;1
9.219999999999999;35;0.8109999999999999;0;0;1
9.240000000000002;35;0.8119999999999999;0;0;1
9.260000000000002;35;0.813;0;0;1
9.280000000000001;35;0.814;0;0;1
9.3;35;0.815;0;0;1
9.32;35;0.816;0;0;1
9.34;35;0.817;0;0;1
9.36;35;0.818;0;0;1
9.379999999999999;35;0.819;0;0;1
9.400000000000002;35;0.82;0;0;1
9.420000000000002;35;0.821;0;0;1
9.440000000000001;35;0.822;0;0;1
9.46;35;0.823;0;0;1
9.48;35;0.824;0;0;1
9.5;35;0.825;0;0;1
9.52;35;0.826;0;0;1
9.54;35;0.827;0;0;1
9.559999999999999;35;0.828;0;0;1
9.580000000000002;35;0.829;0;0;1
9.600000000000001;35;0.83;0;0;1
9.620000000000001;35;0.831;0;0;1
9.64;35;0.832;0;0;1
9.66;35;0.833;0;0;1
9.68;35;0.834;0;0;1
9.7;35;0.835;0;0;1
9.719999999999999;35;0.836;0;0;1
9.740000000000002;35;0.837;0;0;1
9.760000000000002;35;0.838;0;0;1
9.780000000000001;35;0.839;0;0;1
9.8;35;0.84;0;0;1
9.82;35;0.841;0;0;1
9.84;35;0.842;0;0;1
9.86;35;0.843;0;0;1
9.879999999999999;35;0.844;0;0;1
9.900000000000002;35;0.845;0;0;1
9.920000000000002;35;0.846;0;0;1
9.940000000000001;35;0.847;0;0;1
9.96;35;0.848;0;0;1
9.98;35;0.849;0;0;1
10;35;0.85;0;0;1
10.02;35;0.8510000000000001;0;0;1
10.04;35;0.852;0;0;1
10.059999999999999;35;0.8530000000000001;0;0;1
10.080000000000002;35;0.854;0;0;1
10.100000000000001;35;0.8550000000000001;0;0;1
10.120000000000001;35;0.856;0;0;1
10.14;35;0.8570000000000001;0;0;1
10.16;35;0.858;0;0;1
10.18;35;0.8590000000000001;0;0;1
10.2;35;0.86;0;0;1
10.219999999999999;35;0.8610000000000001;0;0;1
10.240000000000002;35;0.862;0;0;1
10.260000000000002;35;0.8630000000000001;0;0;1
10.280000000000001;35;0.864;0;0;1
10.3;35;0.8650000000000001;0;0;1
10.32;35;0.866;0;0;1
10.34;35;0.8670000000000001;0;0;1
10.36;35;0.868;0;0;1
10.379999999999999;35;0.8690000000000001;0;0;1
10.400000000000002;35;0.87;0;0;1
10.420000000000002;35;0.8710000000000001;0;0;1
10.440000000000001;35;0.872;0;0;1
10.46;35;0.8730000000000001;0;0;1
10.48;35;0.874;0;0;1
10.5;35;0.8749999999999999;0;0;1
10.52;35;0.876;0;0;1
10.54;35;0.8769999999999999;0;0;1
10.559999999999999;35;0.878;0;0;1
10.580000000000002;35;0.8789999999999999;0;0;1
10.600000000000001;35;0.88;0;0;1
10.620000000000001;35;0.8809999999999999;0;0;1
10.64;35;0.882;0;0;1
10.66;35;0.8829999999999999;0;0;1
10.68;35;0.884;0;0;1
10.7;35;0.8849999999999999;0;0;1
10.719999999999999;35;0.886;0;0;1
10.740000000000002;35;0.8869999999999999;0;0;1
10.760000000000002;35;0.888;0;0;1
10.780000000000001;35;0.8889999999999999;0;0;1
10.8;35;0.89;0;0;1
10.82;35;0.8909999999999999;0;0;1
10.84;35;0.892;0;0;1
10.86;35;0.8929999999999999;0;0;1
10.879999999999999;35;0.894;0;0;1
10.900000000000002;35;0.8949999999999999;0;0;1
10.920000000000002;35;0.896;0;0;1
10.940000000000001;35;0.8969999999999999;0;0;1
10.96;35;0.898;0;0;1
10.98;35;0.8989999999999999;0;0;1
11;35;0.9;0;0;1
11.02;35;0.9009999999999999;0;0;1
11.04;35;0.902;0;0;1
11.059999999999999;35;0.9029999999999999;0;0;1
11.080000000000002;35;0.904;0;0;1
11.100000000000001;35;0.9049999999999999;0;0;1
11.120000000000001;35;0.906;0;0;1
11.14;35;0.9069999999999999;0;0;1
11.16;35;0.908;0;0;1
11.18;35;0.9089999999999999;0;0;1
11.2;35;0.91;0;0;1
11.219999999999999;35;0.9109999999999999;0;0;1
11.240000000000002;35;0.912;0;0;1
11.260000000000002;35;0.9129999999999999;0;0;1
11.280000000000001;35;0.914;0;0;1
11.3;35;0.9149999999999999;0;0;1
11.32;35;0.916;0;0;1
11.34;35;0.9169999999999999;0;0;1
11.36;35;0.918;0;0;1
11.379999999999999;35;0.9189999999999999;0;0;1
11.400000000000002;35;0.92;0;0;1
11.420000000000002;35;0.9209999999999999;0;0;1
11.440000000000001;35;0.922;0;0;1
11.46;35;0.9229999999999999;0;0;1
11.48;35;0.924;0;0;1
11.5;35;0.9249999999999999;0;0;1
11.52;35;0.926;0;0;1
11.54;35;0.9269999999999999;0;0;1
11.559999999999999;35;0.928;0;0;1
11.580000000000002;35;0.9289999999999999;0;0;1
11.600000000000001;35;0.93;0;0;1
11.620000000000001;35;0.9309999999999999;0;0;1
11.64;35;0.932;0;0;1
11.66;35;0.9329999999999999;0;0;1
11.68;35;0.934;0;0;1
11.7;35;0.9349999999999999;0;0;1
11.719999999999999;35;0.936;0;0;1
11.740000000000002;35;0.9369999999999999;0;0;1
11.760000000000002;35;0.9380000000000001;0;0;1
11.780000000000001;35;0.939;0;0;1
11.8;35;0.9400000000000001;0;0;1
11.82;35;0.941;0;0;1
11.84;35;0.9420000000000001;0;0;1
11.86;35;0.943;0;0;1
11.879999999999999;35;0.9440000000000001;0;0;1
11.900000000000002;35;0.945;0;0;1
11.920000000000002;35;0.9460000000000001;0;0;1
11.940000000000001;35;0.947;0;0;1
11.96;35;0.9480000000000001;0;0;1
11.98;35;0.949;0;0;1
12;35;0.9500000000000001;0;0;1
12.02;35;0.951;0;0;1
12.04;35;0.9520000000000001;0;0;1
12.059999999999999;35;0.953;0;0;1
12.080000000000002;35;0.9540000000000001;0;0;1
12.100000000000001;35;0.955;0;0;1
12.120000000000001;35;0.9560000000000001;0;0;1
12.14;35;0.957;0;0;1
12.16;35;0.9580000000000001;0;0;1
12.18;35;0.959;0;0;1
12.2;35;0.9600000000000001;0;0;1
12.219999999999999;35;0.961;0;0;1
12.240000000000002;35;0.9620000000000001;0;0;1
12.260000000000002;35;0.963;0;0;1
12.280000000000001;35;0.9640000000000001;0;0;1
12.3;35;0.965;0;0;1
12.32;35;0.9660000000000001;0;0;1
12.34;35;0.967;0;0;1
12.36;35;0.9680000000000001;0;0;1
12.379999999999999;35;0.969;0;0;1
12.400000000000002;35;0.9700000000000001;0;0;1
12.420000000000002;35;0.971;0;0;1
12.440000000000001;35;0.9720000000000001;0;0;1
12.46;35;0.973;0;0;1
12.48;35;0.9740000000000001;0;0;1
12.5;35;0.975;0;0;1
12.52;35;0.9760000000000001;0;0;1
12.54;35;0.977;0;0;1
12.559999999999999;35;0.9780000000000001;0;0;1
12.580000000000002;35;0.979;0;0;1
12.600000000000001;35;0.9800000000000001;0;0;1
12.620000000000001;35;0.981;0;0;1
12.64;35;0.9820000000000001;0;0;1
12.66;35;0.983;0;0;1
12.68;35;0.9840000000000001;0;0;1
12.7;35;0.985;0;0;1
12.719999999999999;35;0.9860000000000001;0;0;1
12.740000000000002;35;0.987;0;0;1
12.760000000000002;35;0.9880000000000001;0;0;1
12.780000000000001;35;0.989;0;0;1
12.8;35;0.9900000000000001;0;0;1
12.82;35;0.991;0;0;1
12.84;35;0.9920000000000001;0;0;1
12.86;35;0.993;0;0;1
12.879999999999999;35;0.9940000000000001;0;0;1
12.900000000000002;35;0.995;0;0;1
12.920000000000002;35;0.9960000000000001;0;0;1
12.940000000000001;35;0.997;0;0;1
12.96;35;0.9980000000000001;0;0;1
12.98;35;0.999;0;0;1
13;35;1.0000000000000002;0;0;1
13.02;35;1.0010000000000001;0;0;1
13.04;35;1.0020000000000002;0;0;1
13.059999999999999;35;1.0030000000000001;0;0;1
13.080000000000002;35;1.004;0;0;1
13.100000000000001;35;1.0050000000000001;0;0;1
13.120000000000001;35;1.006;0;0;1
13.14;35;1.0070000000000001;0;0;1
13.16;35;1.008;0;0;1
13.18;35;1.0090000000000001;0;0;1
13.2;35;1.01;0;0;1
13.219999999999999;35;1.0110000000000001;0;0;1
13.240000000000002;35;1.012;0;0;1
13.260000000000002;35;1.0130000000000001;0;0;1
13.280000000000001;35;1.014;0;0;1
13.3;35;1.0150000000000001;0;0;1
13.32;35;1.016;0;0;1
13.34;35;1.0170000000000001;0;0;1
13.36;35;1.018;0;0;1
13.379999999999999;35;1.0190000000000001;0;0;1
13.400000000000002;35;1.02;0;0;1
13.420000000000002;35;1.0210000000000001;0;0;1
13.440000000000001;35;1.022;0;0;1
13.46;35;1.0230000000000001;0;0;1
13.48;35;1.024;0;0;1
13.5;35;1.0250000000000001;0;0;1
13.52;35;1.026;0;0;1
13.54;35;1.0270000000000001;0;0;1
13.559999999999999;35;1.028;0;0;1
13.580000000000002;35;1.0290000000000001;0;0;1
13.600000000000001;35;1.03;0;0;1
13.620000000000001;35;1.0310000000000001;0;0;1
13.64;35;1.032;0;0;1
13.66;35;1.0330000000000001;0;0;1
13.68;35;1.034;0;0;1
13.7;35;1.0350000000000001;0;0;1
13.719999999999999;35;1.036;0;0;1
13.740000000000002;35;1.0370000000000001;0;0;1
13.760000000000002;35;1.038;0;0;1
13.780000000000001;35;1.0390000000000001;0;0;1
13.8;35;1.04;0;0;1
13.82;35;1.0410000000000001;0;0;1
13.84;35;1.042;0;0;1
13.86;35;1.0430000000000001;0;0;1
13.879999999999999;35;1.044;0;0;1
13.900000000000002;35;1.0450000000000002;0;0;1
13.920000000000002;35;1.046;0;0;1
13.940000000000001;35;1.0470000000000002;0;0;1
13.96;35;1.048;0;0;1
13.98;35;1.0490000000000002;0;0;1
14;35;1.05;0;0;1
14.02;35;1.0510000000000002;0;0;1
14.04;35;1.052;0;0;1
14.060000000000002;35;1.0530000000000002;0;0;1
14.080000000000002;35;1.054;0;0;1
14.100000000000001;35;1.0550000000000002;0;0;1
14.120000000000001;35;1.056;0;0;1
14.14;35;1.0570000000000002;0;0;1
14.16;35;1.058;0;0;1
14.18;35;1.0590000000000002;0;0;1
14.2;35;1.06;0;0;1
14.219999999999999;35;1.0610000000000002;0;0;1
14.240000000000002;35;1.062;0;0;1
14.260000000000002;35;1.0630000000000002;0;0;1
14.280000000000001;35;1.064;0;0;1
14.3;35;1.0650000000000002;0;0;1
14.32;35;1.066;0;0;1
14.34;35;1.0670000000000002;0;0;1
14.36;35;1.068;0;0;1
14.379999999999999;35;1.0690000000000002;0;0;1
14.400000000000002;35;1.07;0;0;1
14.420000000000002;35;1.0710000000000002;0;0;1
14.440000000000001;35;1.072;0;0;1
14.46;35;1.0730000000000002;0;0;1
14.48;35;1.074;0;0;1
14.5;35;1.0750000000000002;0;0;1
14.52;35;1.076;0;0;1
14.54;35;1.0770000000000002;0;0;1
14.560000000000002;35;1.078;0;0;1
14.580000000000002;35;1.0790000000000002;0;0;1
14.600000000000001;35;1.08;0;0;1
14.620000000000001;35;1.0810000000000002;0;0;1
14.64;35;1.082;0;0;1
14.66;35;1.0830000000000002;0;0;1
14.68;35;1.084;0;0;1
14.7;35;1.0850000000000002;0;0;1
14.719999999999999;35;1.086;0;0;1
14.740000000000002;35;1.0870000000000002;0;0;1
14.760000000000002;35;1.088;0;0;1
14.780000000000001;35;1.0890000000000002;0;0;1
14.8;35;1.09;0;0;1
14.82;35;1.0910000000000002;0;0;1
14.84;35;1.092;0;0;1
14.86;35;1.0930000000000002;0;0;1
14.879999999999999;35;1.094;0;0;1
14.900000000000002;35;1.0950000000000002;0;0;1
14.920000000000002;35;1.096;0;0;1
14.940000000000001;35;1.0970000000000002;0;0;1
14.96;35;1.098;0;0;1
14.98;35;1.0990000000000002;0;0;1
15;35;1.1;0;0;1
15.02;35;1.1010000000000002;0;0;1
15.04;35;1.102;0;0;1
15.060000000000002;35;1.1030000000000002;0;0;1
15.080000000000002;35;1.104;0;0;1
15.100000000000001;35;1.1050000000000002;0;0;1
15.120000000000001;35;1.106;0;0;1
15.14;35;1.1070000000000002;0;0;1
15.16;35;1.108;0;0;1
15.18;35;1.1090000000000002;0;0;1
15.2;35;1.11;0;0;1
15.219999999999999;35;1.1110000000000002;0;0;1
15.240000000000002;35;1.112;0;0;1
15.260000000000002;35;1.1130000000000002;0;0;1
15.280000000000001;35;1.114;0;0;1
15.3;35;1.1150000000000002;0;0;1
15.32;35;1.116;0;0;1
15.34;35;1.1170000000000002;0;0;1
15.36;35;1.118;0;0;1
15.379999999999999;35;1.1190000000000002;0;0;1
15.400000000000002;35;1.12;0;0;1
15.420000000000002;35;1.1210000000000002;0;0;1
15.440000000000001;35;1.122;0;0;1
15.46;35;1.1230000000000002;0;0;1
15.48;35;1.124;0;0;1
15.5;35;1.1250000000000002;0;0;1
15.52;35;1.1260000000000001;0;0;1
15.54;35;1.1270000000000002;0;0;1
15.560000000000002;35;1.1280000000000001;0;0;1
15.580000000000002;35;1.1290000000000002;0;0;1
15.600000000000001;35;1.1300000000000001;0;0;1
15.620000000000001;35;1.131;0;0;1
15.64;35;1.1320000000000001;0;0;1
15.66;35;1.133;0;0;1
15.68;35;1.1340000000000001;0;0;1
15.7;35;1.135;0;0;1
15.719999999999999;35;1.1360000000000001;0;0;1
15.740000000000002;35;1.137;0;0;1
15.760000000000002;35;1.1380000000000001;0;0;1
15.780000000000001;35;1.139;0;0;1
15.8;35;1.1400000000000001;0;0;1
15.82;35;1.141;0;0;1
15.84;35;1.1420000000000001;0;0;1
15.86;35;1.143;0;0;1
15.879999999999999;35;1.1440000000000001;0;0;1
15.900000000000002;35;1.145;0;0;1
15.920000000000002;35;1.1460000000000001;0;0;1
15.940000000000001;35;1.147;0;0;1
15.96;35;1.1480000000000001;0;0;1
15.98;35;1.149;0;0;1
16;35;1.1500000000000001;0;0;1
16.02;35;1.151;0;0;1
16.04;35;1.1520000000000001;0;0;1
16.060000000000002;35;1.153;0;0;1
16.080000000000002;35;1.1540000000000001;0;0;1
16.1;35;1.155;0;0;1
16.12;35;1.1560000000000001;0;0;1
16.14;35;1.157;0;0;1
16.16;35;1.1580000000000001;0;0;1
16.18;35;1.159;0;0;1
16.2;35;1.1600000000000001;0;0;1
16.22;35;1.161;0;0;1
16.240000000000002;35;1.1620000000000001;0;0;1
16.26;35;1.163;0;0;1
16.28;35;1.1640000000000001;0;0;1
16.3;35;1.165;0;0;1
16.32;35;1.1660000000000001;0;0;1
16.34;35;1.167;0;0;1
16.36;35;1.1680000000000001;0;0;1
16.38;35;1.169;0;0;1
16.400000000000002;35;1.1700000000000002;0;0;1
16.42;35;1.171;0;0;1
16.44;35;1.1720000000000002;0;0;1
16.46;35;1.173;0;0;1
16.48;35;1.1740000000000002;0;0;1
16.5;35;1.175;0;0;1
16.52;35;1.1760000000000002;0;0;1
16.54;35;1.177;0;0;1
16.560000000000002;35;1.1780000000000002;0;0;1
16.580000000000002;35;1.179;0;0;1
16.6;35;1.1800000000000002;0;0;1
16.62;35;1.181;0;0;1
16.64;35;1.1820000000000002;0;0;1
16.66;35;1.183;0;0;1
16.68;35;1.1840000000000002;0;0;1
16.7;35;1.185;0;0;1
16.72;35;1.1860000000000002;0;0;1
16.740000000000002;35;1.187;0;0;1
16.76;35;1.1880000000000002;0;0;1
16.78;35;1.189;0;0;1
16.8;35;1.1900000000000002;0;0;1
16.82;35;1.191;0;0;1
16.84;35;1.1920000000000002;0;0;1
16.86;35;1.193;0;0;1
16.88;35;1.1940000000000002;0;0;1
16.900000000000002;35;1.195;0;0;1
16.92;35;1.1960000000000002;0;0;1
16.94;35;1.197;0;0;1
16.96;35;1.1980000000000002;0;0;1
16.98;35;1.199;0;0;1
17;35;1.2000000000000002;0;0;1
17.02;35;1.201;0;0;1
17.04;35;1.2020000000000002;0;0;1
17.060000000000002;35;1.203;0;0;1
17.080000000000002;35;1.2040000000000002;0;0;1
17.1;35;1.205;0;0;1
17.12;35;1.2060000000000002;0;0;1
17.14;35;1.207;0;0;1
17.16;35;1.2080000000000002;0;0;1
17.18;35;1.209;0;0;1
17.2;35;1.2100000000000002;0;0;1
17.22;35;1.211;0;0;1
17.240000000000002;35;1.2120000000000002;0;0;1
17.26;35;1.213;0;0;1
17.28;35;1.2140000000000002;0;0;1
17.3;35;1.215;0;0;1
17.32;35;1.2160000000000002;0;0;1
17.34;35;1.217;0;0;1
17.36;35;1.2180000000000002;0;0;1
17.38;35;1.219;0;0;1
17.400000000000002;35;1.2200000000000002;0;0;1
17.42;35;1.221;0;0;1
17.44;35;1.2220000000000002;0;0;1
17.46;35;1.223;0;0;1
17.48;35;1.2240000000000002;0;0;1
17.5;35;1.225;0;0;1
17.52;35;1.2260000000000002;0;0;1
17.54;35;1.227;0;0;1
17.560000000000002;35;1.2280000000000002;0;0;1
17.580000000000002;35;1.229;0;0;1
17.6;35;1.2300000000000002;0;0;1
17.62;35;1.231;0;0;1
17.64;35;1.2320000000000002;0;0;1
17.66;35;1.233;0;0;1
17.68;35;1.2340000000000002;0;0;1
17.7;35;1.235;0;0;1
17.72;35;1.2360000000000002;0;0;1
17.740000000000002;35;1.237;0;0;1
17.76;35;1.2380000000000002;0;0;1
17.78;35;1.239;0;0;1
17.8;35;1.2400000000000002;0;0;1
17.82;35;1.241;0;0;1
17.84;35;1.2420000000000002;0;0;1
17.86;35;1.243;0;0;1
17.88;35;1.2440000000000002;0;0;1
17.900000000000002;35;1.245;0;0;1
17.92;35;1.2460000000000002;0;0;1
17.94;35;1.247;0;0;1
17.96;35;1.2480000000000002;0;0;1
17.98;35;1.249;0;0;1
18;35;1.2500000000000002;0;0;1
18.02;35;1.2510000000000001;0;0;1
18.04;35;1.2520000000000002;0;0;1
18.060000000000002;35;1.2530000000000001;0;0;1
18.080000000000002;35;1.2540000000000002;0;0;1
18.1;35;1.2550000000000001;0;0;1
18.12;35;1.2560000000000002;0;0;1
18.14;35;1.2570000000000001;0;0;1
18.16;35;1.258;0;0;1
18.18;35;1.2590000000000001;0;0;1
18.2;35;1.26;0;0;1
18.22;35;1.2610000000000001;0;0;1
18.240000000000002;35;1.262;0;0;1
18.26;35;1.2630000000000001;0;0;1
18.28;35;1.264;0;0;1
18.3;35;1.2650000000000001;0;0;1
18.32;35;1.266;0;0;1
18.34;35;1.2670000000000001;0;0;1
18.36;35;1.268;0;0;1
18.38;35;1.2690000000000001;0;0;1
18.400000000000002;35;1.27;0;0;1
18.42;35;1.2710000000000001;0;0;1
18.44;35;1.272;0;0;1
18.46;35;1.2730000000000001;0;0;1
18.48;35;1.274;0;0;1
18.5;35;1.2750000000000001;0;0;1
18.52;35;1.276;0;0;1
18.54;35;1.2770000000000001;0;0;1
18.560000000000002;35;1.278;0;0;1
18.580000000000002;35;1.2790000000000001;0;0;1
18.6;35;1.28;0;0;1
18.62;35;1.2810000000000001;0;0;1
18.64;35;1.282;0;0;1
18.66;35;1.2830000000000001;0;0;1
18.68;35;1.284;0;0;1
18.7;35;1.2850000000000001;0;0;1
18.72;35;1.286;0;0;1
18.740000000000002;35;1.2870000000000001;0;0;1
18.76;35;1.288;0;0;1
18.78;35;1.2890000000000001;0;0;1
18.8;35;1.29;0;0;1
18.82;35;1.2910000000000001;0;0;1
18.84;35;1.292;0;0;1
18.86;35;1.2930000000000001;0;0;1
18.88;35;1.294;0;0;1
18.900000000000002;35;1.2950000000000002;0;0;1
18.92;35;1.296;0;0;1
18.94;35;1.2970000000000002;0;0;1
18.96;35;1.298;0;0;1
18.98;35;1.2990000000000002;0;0;1
19;35;1.3;0;0;1
19.02;35;1.3010000000000002;0;0;1
19.04;35;1.302;0;0;1
19.060000000000002;35;1.3030000000000002;0;0;1
19.080000000000002;35;1.304;0;0;1
19.1;35;1.3050000000000002;0;0;1
19.12;35;1.306;0;0;1
19.14;35;1.3070000000000002;0;0;1
19.16;35;1.308;0;0;1
19.18;35;1.3090000000000002;0;0;1
19.2;35;1.31;0;0;1
19.22;35;1.3110000000000002;0;0;1
19.240000000000002;35;1.312;0;0;1
19.26;35;1.3130000000000002;0;0;1
19.28;35;1.314;0;0;1
19.3;35;1.3150000000000002;0;0;1
19.32;35;1.316;0;0;1
19.34;35;1.3170000000000002;0;0;1
19.36;35;1.318;0;0;1
19.38;35;1.3190000000000002;0;0;1
19.400000000000002;35;1.32;0;0;1
19.42;35;1.3210000000000002;0;0;1
19.44;35;1.322;0;0;1
19.46;35;1.3230000000000002;0;0;1
19.48;35;1.324;0;0;1
19.5;35;1.3250000000000002;0;0;1
19.52;35;1.326;0;0;1
19.54;35;1.3270000000000002;0;0;1
19.560000000000002;35;1.328;0;0;1
19.580000000000002;35;1.3290000000000002;0;0;1
19.6;35;1.33;0;0;1
19.62;35;1.3310000000000002;0;0;1
19.64;35;1.332;0;0;1
19.66;35;1.3330000000000002;0;0;1
19.68;35;1.334;0;0;1
19.7;35;1.3350000000000002;0;0;1
19.72;35;1.336;0;0;1
19.740000000000002;35;1.3370000000000002;0;0;1
19.76;35;1.338;0;0;1
19.78;35;1.3390000000000002;0;0;1
19.8;35;1.34;0;0;1
19.82;35;1.3410000000000002;0;0;1
19.84;35;1.342;0;0;1
19.86;35;1.3430000000000002;0;0;1
19.88;35;1.344;0;0;1
19.900000000000002;35;1.3450000000000002;0;0;1
19.92;35;1.346;0;0;1
19.94;35;1.3470000000000002;0;0;1
19.96;35;1.348;0;0;1
19.98;35;1.3490000000000002;0;0;1
20;35;1.35;0;0;1
20.02;35;1.3510000000000002;0;0;1
20.04;35;1.352;0;0;1
20.060000000000002;35;1.3530000000000002;0;0;1
20.080000000000002;35;1.354;0;0;1
20.1;35;1.3550000000000002;0;0;1
20.12;35;1.356;0;0;1
20.14;35;1.3570000000000002;0;0;1
20.16;35;1.358;0;0;1
20.18;35;1.3590000000000002;0;0;1
20.2;35;1.36;0;0;1
20.22;35;1.3610000000000002;0;0;1
20.240000000000002;35;1.362;0;0;1
20.26;35;1.3630000000000002;0;0;1
20.28;35;1.364;0;0;1
20.3;35;1.3650000000000002;0;0;1
20.32;35;1.366;0;0;1
20.34;35;1.3670000000000002;0;0;1
20.36;35;1.368;0;0;1
20.38;35;1.3690000000000002;0;0;1
20.400000000000002;35;1.37;0;0;1
20.42;35;1.3710000000000002;0;0;1
20.44;35;1.372;0;0;1
20.46;35;1.3730000000000002;0;0;1
20.48;35;1.374;0;0;1
20.5;35;1.3750000000000002;0;0;1
20.52;35;1.3760000000000001;0;0;1
20.54;35;1.3770000000000002;0;0;1
20.560000000000002;35;1.3780000000000001;0;0;1
20.580000000000002;35;1.3790000000000002;0;0;1
20.6;35;1.3800000000000001;0;0;1
20.62;35;1.3810000000000002;0;0;1
20.64;35;1.3820000000000001;0;0;1
20.66;35;1.3830000000000002;0;0;1
20.68;35;1.3840000000000001;0;0;1
20.7;35;1.3850000000000002;0;0;1
20.72;35;1.3860000000000001;0;0;1
20.740000000000002;35;1.387;0;0;1
20.76;35;1.3880000000000001;0;0;1
20.78;35;1.389;0;0;1
20.8;35;1.3900000000000001;0;0;1
20.82;35;1.391;0;0;1
20.84;35;1.3920000000000001;0;0;1
20.86;35;1.393;0;0;1
20.88;35;1.3940000000000001;0;0;1
20.900000000000002;35;1.395;0;0;1
20.92;35;1.3960000000000001;0;0;1
20.94;35;1.397;0;0;1
20.96;35;1.3980000000000001;0;0;1
20.98;35;1.399;0;0;1
21;35;1.4000000000000001;0;0;1
21.02;35;1.401;0;0;1
21.04;35;1.4020000000000001;0;0;1
21.060000000000002;35;1.403;0;0;1
21.080000000000002;35;1.4040000000000001;0;0;1
21.1;35;1.405;0;0;1
21.12;35;1.4060000000000001;0;0;1
21.14;35;1.407;0;0;1
21.16;35;1.4080000000000001;0;0;1
21.18;35;1.409;0;0;1
21.2;35;1.4100000000000001;0;0;1
21.220000000000002;35;1.411;0;0;1
21.240000000000002;35;1.4120000000000001;0;0;1
21.26;35;1.413;0;0;1
21.28;35;1.4140000000000001;0;0;1
21.3;35;1.415;0;0;1
21.32;35;1.4160000000000001;0;0;1
21.34;35;1.417;0;0;1
21.36;35;1.4180000000000001;0;0;1
21.38;35;1.419;0;0;1
21.400000000000002;35;1.4200000000000002;0;0;1
21.42;35;1.421;0;0;1
21.44;35;1.4220000000000002;0;0;1
21.46;35;1.423;0;0;1
21.48;35;1.4240000000000002;0;0;1
21.5;35;1.425;0;0;1
21.52;35;1.4260000000000002;0;0;1
21.54;35;1.427;0;0;1
21.560000000000002;35;1.4280000000000002;0;0;1
21.580000000000002;35;1.429;0;0;1
21.6;35;1.4300000000000002;0;0;1
21.62;35;1.431;0;0;1
21.64;35;1.4320000000000002;0;0;1
21.66;35;1.433;0;0;1
21.68;35;1.4340000000000002;0;0;1
21.7;35;1.435;0;0;1
21.720000000000002;35;1.4360000000000002;0;0;1
21.740000000000002;35;1.437;0;0;1
21.76;35;1.4380000000000002;0;0;1
21.78;35;1.439;0;0;1
21.8;35;1.4400000000000002;0;0;1
21.82;35;1.441;0;0;1
21.84;35;1.4420000000000002;0;0;1
21.86;35;1.443;0;0;1
21.88;35;1.4440000000000002;0;0;1
21.900000000000002;35;1.445;0;0;1
21.92;35;1.4460000000000002;0;0;1
21.94;35;1.447;0;0;1
21.96;35;1.4480000000000002;0;0;1
21.98;35;1.449;0;0;1
22;35;1.4500000000000002;0;0;1
22.020000000000003;35;1.451;0;0;1
22.04;35;1.4520000000000002;0;0;1
22.060000000000002;35;1.453;0;0;1
22.08;35;1.4540000000000002;0;0;1
22.1;35;1.455;0;0;1
22.119999999999997;35;1.4560000000000002;0;0;1
22.14;35;1.457;0;0;1
22.160000000000004;35;1.4580000000000002;0;0;1
22.18;35;1.459;0;0;1
22.200000000000003;35;1.4600000000000002;0;0;1
22.22;35;1.461;0;0;1
22.240000000000002;35;1.4620000000000002;0;0;1
22.259999999999998;35;1.463;0;0;1
22.28;35;1.4640000000000002;0;0;1
22.299999999999997;35;1.465;0;0;1
22.32;35;1.4660000000000002;0;0;1
22.340000000000003;35;1.467;0;0;1
22.36;35;1.4680000000000002;0;0;1
22.380000000000003;35;1.469;0;0;1
22.4;35;1.4700000000000002;0;0;1
22.42;35;1.471;0;0;1
22.439999999999998;35;1.4720000000000002;0;0;1
22.46;35;1.473;0;0;1
22.480000000000004;35;1.4740000000000002;0;0;1
22.5;35;1.475;0;0;1
22.520000000000003;35;1.4760000000000002;0;0;1
22.54;35;1.477;0;0;1
22.560000000000002;35;1.4780000000000002;0;0;1
22.58;35;1.479;0;0;1
22.6;35;1.4800000000000002;0;0;1
22.619999999999997;35;1.481;0;0;1
22.64;35;1.4820000000000002;0;0;1
22.660000000000004;35;1.483;0;0;1
22.68;35;1.4840000000000002;0;0;1
22.700000000000003;35;1.485;0;0;1
22.72;35;1.4860000000000002;0;0;1
22.740000000000002;35;1.487;0;0;1
22.759999999999998;35;1.4880000000000002;0;0;1
22.78;35;1.489;0;0;1
22.799999999999997;35;1.4900000000000002;0;0;1
22.82;35;1.491;0;0;1
22.840000000000003;35;1.4920000000000002;0;0;1
22.86;35;1.493;0;0;1
22.880000000000003;35;1.4940000000000002;0;0;1
22.9;35;1.495;0;0;1
22.92;35;1.4960000000000002;0;0;1
22.939999999999998;35;1.497;0;0;1
22.96;35;1.4980000000000002;0;0;1
22.980000000000004;35;1.499;0;0;1
23;35;1.5000000000000002;0;0;1
23.020000000000003;35;1.5010000000000001;0;0;1
23.04;35;1.5020000000000002;0;0;1
23.060000000000002;35;1.5030000000000001;0;0;1
23.08;35;1.5040000000000002;0;0;1
23.1;35;1.5050000000000001;0;0;1
23.119999999999997;35;1.5060000000000002;0;0;1
23.14;35;1.5070000000000001;0;0;1
23.160000000000004;35;1.5080000000000002;0;0;1
23.18;35;1.5090000000000001;0;0;1
23.200000000000003;35;1.5100000000000002;0;0;1
23.22;35;1.5110000000000001;0;0;1
23.240000000000002;35;1.5120000000000002;0;0;1
23.259999999999998;35;1.5130000000000001;0;0;1
23.28;35;1.5140000000000002;0;0;1
23.299999999999997;35;1.5150000000000001;0;0;1
23.32;35;1.516;0;0;1
23.340000000000003;35;1.5170000000000001;0;0;1
23.36;35;1.518;0;0;1
23.380000000000003;35;1.5190000000000001;0;0;1
23.4;35;1.52;0;0;1
23.42;35;1.5210000000000001;0;0;1
23.439999999999998;35;1.522;0;0;1
23.46;35;1.5230000000000001;0;0;1
23.480000000000004;35;1.524;0;0;1
23.5;35;1.5250000000000001;0;0;1
23.520000000000003;35;1.526;0;0;1
23.54;35;1.5270000000000001;0;0;1
23.560000000000002;35;1.528;0;0;1
23.58;35;1.5290000000000001;0;0;1
23.6;35;1.53;0;0;1
23.619999999999997;35;1.5310000000000001;0;0;1
23.64;35;1.532;0;0;1
23.660000000000004;35;1.5330000000000001;0;0;1
23.68;35;1.534;0;0;1
23.700000000000003;35;1.5350000000000001;0;0;1
23.72;35;1.536;0;0;1
23.740000000000002;35;1.5370000000000001;0;0;1
23.759999999999998;35;1.538;0;0;1
23.78;35;1.5390000000000001;0;0;1
23.799999999999997;35;1.54;0;0;1
23.82;35;1.5410000000000001;0;0;1
23.840000000000003;35;1.542;0;0;1
23.86;35;1.5430000000000001;0;0;1
23.880000000000003;35;1.544;0;0;1
23.9;35;1.5450000000000002;0;0;1
23.92;35;1.546;0;0;1
23.939999999999998;35;1.5470000000000002;0;0;1
23.96;35;1.548;0;0;1
23.980000000000004;35;1.5490000000000002;0;0;1
24;35;1.55;0;0;1
24.020000000000003;35;1.5510000000000002;0;0;1
24.04;35;1.552;0;0;1
24.060000000000002;35;1.5530000000000002;0;0;1
24.08;35;1.554;0;0;1
24.1;35;1.5550000000000002;0;0;1
24.119999999999997;35;1.556;0;0;1
24.14;35;1.5570000000000002;0;0;1
24.160000000000004;35;1.558;0;0;1
24.18;35;1.5590000000000002;0;0;1
24.200000000000003;35;1.56;0;0;1
24.22;35;1.5610000000000002;0;0;1
24.240000000000002;35;1.562;0;0;1
24.259999999999998;35;1.5630000000000002;0;0;1
24.28;35;1.564;0;0;1
24.300000000000004;35;1.5650000000000002;0;0;1
24.32;35;1.566;0;0;1
24.340000000000003;35;1.5670000000000002;0;0;1
24.36;35;1.568;0;0;1
24.380000000000003;35;1.5690000000000002;0;0;1
24.4;35;1.57;0;0;1
24.42;35;1.5710000000000002;0;0;1
24.439999999999998;35;1.572;0;0;1
24.46;35;1.5730000000000002;0;0;1
24.480000000000004;35;1.574;0;0;1
24.5;35;1.5750000000000002;0;0;1
24.520000000000003;35;1.576;0;0;1
24.54;35;1.5770000000000002;0;0;1
24.560000000000002;35;1.578;0;0;1
24.58;35;1.5790000000000002;0;0;1
24.6;35;1.58;0;0;1
24.619999999999997;35;1.5810000000000002;0;0;1
24.64;35;1.582;0;0;1
24.660000000000004;35;1.5830000000000002;0;0;1
24.68;35;1.584;0;0;1
24.700000000000003;35;1.5850000000000002;0;0;1
24.72;35;1.586;0;0;1
24.740000000000002;35;1.5870000000000002;0;0;1
24.759999999999998;35;1.588;0;0;1
24.78;35;1.5890000000000002;0;0;1
24.800000000000004;35;1.59;0;0;1
24.82;35;1.5910000000000002;0;0;1
24.840000000000003;35;1.592;0;0;1
24.86;35;1.5930000000000002;0;0;1
24.880000000000003;35;1.594;0;0;1
24.9;35;1.5950000000000002;0;0;1
24.92;35;1.596;0;0;1
24.939999999999998;35;1.5970000000000002;0;0;1
24.96;35;1.598;0;0;1
24.980000000000004;35;1.5990000000000002;0;0;1
25;35;1.6;0;0;1
25.020000000000003;35;1.6010000000000002;0;0;1
25.04;35;1.602;0;0;1
25.060000000000002;35;1.6030000000000002;0;0;1
25.08;35;1.604;0;0;1
25.1;35;1.6050000000000002;0;0;1
25.119999999999997;35;1.606;0;0;1
25.14;35;1.6070000000000002;0;0;1
25.160000000000004;35;1.608;0;0;1
25.18;35;1.6090000000000002;0;0;1
25.200000000000003;35;1.61;0;0;1
25.22;35;1.6110000000000002;0;0;1
25.240000000000002;35;1.612;0;0;1
25.259999999999998;35;1.6130000000000002;0;0;1
25.28;35;1.614;0;0;1
25.300000000000004;35;1.6150000000000002;0;0;1
25.32;35;1.616;0;0;1
25.340000000000003;35;1.6170000000000002;0;0;1
25.36;35;1.618;0;0;1
25.380000000000003;35;1.6190000000000002;0;0;1
25.4;35;1.62;0;0;1
25.42;35;1.6210000000000002;0;0;1
25.439999999999998;35;1.622;0;0;1
25.46;35;1.6230000000000002;0;0;1
25.480000000000004;35;1.624;0;0;1
25.5;35;1.6250000000000002;0;0;1
25.520000000000003;35;1.6260000000000001;0;0;1
25.54;35;1.6270000000000002;0;0;1
25.560000000000002;35;1.6280000000000001;0;0;1
25.58;35;1.6290000000000002;0;0;1
25.6;35;1.6300000000000001;0;0;1
25.619999999999997;35;1.6310000000000002;0;0;1
25.64;35;1.6320000000000001;0;0;1
25.660000000000004;35;1.6330000000000002;0;0;1
25.68;35;1.6340000000000001;0;0;1
25.700000000000003;35;1.6350000000000002;0;0;1
25.72;35;1.6360000000000001;0;0;1
25.740000000000002;35;1.6370000000000002;0;0;1
25.759999999999998;35;1.6380000000000001;0;0;1
25.78;35;1.6390000000000002;0;0;1
25.800000000000004;35;1.6400000000000001;0;0;1
25.82;35;1.6410000000000002;0;0;1
25.840000000000003;35;1.6420000000000001;0;0;1
25.86;35;1.643;0;0;1
25.880000000000003;35;1.6440000000000001;0;0;1
25.9;35;1.645;0;0;1
25.92;35;1.6460000000000001;0;0;1
25.939999999999998;35;1.647;0;0;1
25.96;35;1.6480000000000001;0;0;1
25.980000000000004;35;1.649;0;0;1
26;35;1.6500000000000001;0;0;1
26.020000000000003;35;1.651;0;0;1
26.04;35;1.6520000000000001;0;0;1
26.060000000000002;35;1.653;0;0;1
26.08;35;1.6540000000000001;0;0;1
26.1;35;1.655;0;0;1
26.119999999999997;35;1.6560000000000001;0;0;1
26.14;35;1.657;0;0;1
26.160000000000004;35;1.6580000000000001;0;0;1
26.18;35;1.659;0;0;1
26.200000000000003;35;1.6600000000000001;0;0;1
26.22;35;1.661;0;0;1
26.240000000000002;35;1.6620000000000001;0;0;1
26.259999999999998;35;1.663;0;0;1
26.28;35;1.6640000000000001;0;0;1
26.300000000000004;35;1.665;0;0;1
26.32;35;1.6660000000000001;0;0;1
26.340000000000003;35;1.667;0;0;1
26.36;35;1.6680000000000001;0;0;1
26.380000000000003;35;1.669;0;0;1
26.4;35;1.6700000000000002;0;0;1
26.42;35;1.671;0;0;1
26.439999999999998;35;1.6720000000000002;0;0;1
26.46;35;1.673;0;0;1
26.480000000000004;35;1.6740000000000002;0;0;1
26.5;35;1.675;0;0;1
26.520000000000003;35;1.6760000000000002;0;0;1
26.54;35;1.677;0;0;1
26.560000000000002;35;1.6780000000000002;0;0;1
26.58;35;1.679;0;0;1
26.6;35;1.6800000000000002;0;0;1
26.619999999999997;35;1.681;0;0;1
26.64;35;1.6820000000000002;0;0;1
26.660000000000004;35;1.683;0;0;1
26.68;35;1.6840000000000002;0;0;1
26.700000000000003;35;1.685;0;0;1
26.72;35;1.6860000000000002;0;0;1
26.740000000000002;35;1.687;0;0;1
26.759999999999998;35;1.6880000000000002;0;0;1
26.78;35;1.689;0;0;1
26.800000000000004;35;1.6900000000000002;0;0;1
26.82;35;1.691;0;0;1
26.840000000000003;35;1.6920000000000002;0;0;1
26.86;35;1.693;0;0;1
26.880000000000003;35;1.6940000000000002;0;0;1
26.9;35;1.695;0;0;1
26.92;35;1.6960000000000002;0;0;1
26.939999999999998;35;1.697;0;0;1
26.96;35;1.6980000000000002;0;0;1
26.980000000000004;35;1.699;0;0;1
27;35;1.7000000000000002;0;0;1
27.020000000000003;35;1.701;0;0;1
27.04;35;1.7020000000000002;0;0;1
27.060000000000002;35;1.703;0;0;1
27.08;35;1.7040000000000002;0;0;1
27.1;35;1.705;0;0;1
27.119999999999997;35;1.7060000000000002;0;0;1
27.14;35;1.707;0;0;1
27.160000000000004;35;1.7080000000000002;0;0;1
27.18;35;1.709;0;0;1
27.200000000000003;35;1.7100000000000002;0;0;1
27.22;35;1.711;0;0;1
27.240000000000002;35;1.7120000000000002;0;0;1
27.259999999999998;35;1.713;0;0;1
27.28;35;1.7140000000000002;0;0;1
27.300000000000004;35;1.715;0;0;1
27.32;35;1.7160000000000002;0;0;1
27.340000000000003;35;1.717;0;0;1
27.36;35;1.7180000000000002;0;0;1
27.380000000000003;35;1.719;0;0;1
27.4;35;1.7200000000000002;0;0;1
27.42;35;1.721;0;0;1
27.439999999999998;35;1.7220000000000002;0;0;1
27.46;35;1.723;0;0;1
27.480000000000004;35;1.7240000000000002;0;0;1
27.5;35;1.725;0;0;1
27.520000000000003;35;1.7260000000000002;0;0;1
27.54;35;1.727;0;0;1
27.560000000000002;35;1.7280000000000002;0;0;1
27.58;35;1.729;0;0;1
27.6;35;1.7300000000000002;0;0;1
27.619999999999997;35;1.731;0;0;1
27.64;35;1.7320000000000002;0;0;1
27.660000000000004;35;1.733;0;0;1
27.68;35;1.7340000000000002;0;0;1
27.700000000000003;35;1.735;0;0;1
27.72;35;1.7360000000000002;0;0;1
27.740000000000002;35;1.737;0;0;1
27.759999999999998;35;1.7380000000000002;0;0;1
27.78;35;1.739;0;0;1
27.800000000000004;35;1.7400000000000002;0;0;1
27.82;35;1.741;0;0;1
27.840000000000003;35;1.7420000000000002;0;0;1
27.86;35;1.743;0;0;1
27.880000000000003;35;1.7440000000000002;0;0;1
27.9;35;1.745;0;0;1
27.92;35;1.7460000000000002;0;0;1
27.939999999999998;35;1.747;0;0;1
27.96;35;1.7480000000000002;0;0;1
27.980000000000004;35;1.749;0;0;1
28;35;1.7500000000000002;0;0;1
28.020000000000003;35;1.7510000000000001;0;0;1
28.04;35;1.7520000000000002;0;0;1
28.060000000000002;35;1.7530000000000001;0;0;1
28.08;35;1.7540000000000002;0;0;1
28.1;35;1.7550000000000001;0;0;1
28.119999999999997;35;1.7560000000000002;0;0;1
28.14;35;1.7570000000000001;0;0;1
28.160000000000004;35;1.7580000000000002;0;0;1
28.18;35;1.7590000000000001;0;0;1
28.200000000000003;35;1.7600000000000002;0;0;1
28.22;35;1.7610000000000001;0;0;1
28.240000000000002;35;1.7620000000000002;0;0;1
28.259999999999998;35;1.7630000000000001;0;0;1
28.28;35;1.7640000000000002;0;0;1
28.300000000000004;35;1.7650000000000001;0;0;1
28.32;35;1.7660000000000002;0;0;1
28.340000000000003;35;1.7670000000000001;0;0;1
28.36;35;1.7680000000000002;0;0;1
28.380000000000003;35;1.7690000000000001;0;0;1
28.4;35;1.77;0;0;1
28.42;35;1.7710000000000001;0;0;1
28.439999999999998;35;1.772;0;0;1
28.46;35;1.7730000000000001;0;0;1
28.480000000000004;35;1.774;0;0;1
28.5;35;1.7750000000000001;0;0;1
28.520000000000003;35;1.776;0;0;1
28.54;35;1.7770000000000001;0;0;1
28.560000000000002;35;1.778;0;0;1
28.58;35;1.7790000000000001;0;0;1
28.6;35;1.78;0;0;1
28.619999999999997;35;1.7810000000000001;0;0;1
28.64;35;1.782;0;0;1
28.660000000000004;35;1.7830000000000001;0;0;1
28.68;35;1.784;0;0;1
28.700000000000003;35;1.7850000000000001;0;0;1
28.72;35;1.786;0;0;1
28.740000000000002;35;1.7870000000000001;0;0;1
28.759999999999998;35;1.788;0;0;1
28.78;35;1.7890000000000001;0;0;1
28.800000000000004;35;1.79;0;0;1
28.82;35;1.7910000000000001;0;0;1
28.840000000000003;35;1.792;0;0;1
28.86;35;1.7930000000000001;0;0;1
28.880000000000003;35;1.794;0;0;1
28.9;35;1.7950000000000002;0;0;1
28.92;35;1.796;0;0;1
28.939999999999998;35;1.7970000000000002;0;0;1
28.96;35;1.798;0;0;1
28.980000000000004;35;1.7990000000000002;0;0;1
29;35;1.8;0;0;1
29.020000000000003;35;1.8010000000000002;0;0;1
29.04;35;1.802;0;0;1
29.060000000000002;35;1.8030000000000002;0;0;1
29.08;35;1.804;0;0;1
29.1;35;1.8050000000000002;0;0;1
29.119999999999997;35;1.806;0;0;1
29.14;35;1.8070000000000002;0;0;1
29.160000000000004;35;1.808;0;0;1
29.18;35;1.8090000000000002;0;0;1
29.200000000000003;35;1.81;0;0;1
29.22;35;1.8110000000000002;0;0;1
29.240000000000002;35;1.812;0;0;1
29.259999999999998;35;1.8130000000000002;0;0;1
29.28;35;1.814;0;0;1
29.300000000000004;35;1.8150000000000002;0;0;1
29.32;35;1.816;0;0;1
29.340000000000003;35;1.8170000000000002;0;0;1
29.36;35;1.818;0;0;1
29.380000000000003;35;1.8190000000000002;0;0;1
29.4;35;1.82;0;0;1
29.42;35;1.8210000000000002;0;0;1
29.439999999999998;35;1.822;0;0;1
29.46;35;1.8230000000000002;0;0;1
29.480000000000004;35;1.824;0;0;1
29.5;35;1.8250000000000002;0;0;1
29.520000000000003;35;1.826;0;0;1
29.54;35;1.8270000000000002;0;0;1
29.560000000000002;35;1.828;0;0;1
29.58;35;1.8290000000000002;0;0;1
29.6;35;1.83;0;0;1
29.619999999999997;35;1.8310000000000002;0;0;1
29.64;35;1.832;0;0;1
29.660000000000004;35;1.8330000000000002;0;0;1
29.68;35;1.834;0;0;1
29.700000000000003;35;1.8350000000000002;0;0;1
29.72;35;1.836;0;0;1
29.740000000000002;35;1.8370000000000002;0;0;1
29.759999999999998;35;1.838;0;0;1
29.78;35;1.8390000000000002;0;0;1
29.800000000000004;35;1.84;0;0;1
29.82;35;1.8410000000000002;0;0;1
29.840000000000003;35;1.842;0;0;1
29.86;35;1.8430000000000002;0;0;1
29.880000000000003;35;1.844;0;0;1
29.9;35;1.8450000000000002;0;0;1
29.92;35;1.846;0;0;1
29.939999999999998;35;1.8470000000000002;0;0;1
29.96;35;1.848;0;0;1
29.980000000000004;35;1.8490000000000002;0;0;1
30;35;1.85;0;0;1
30.020000000000003;35;1.851;0;0;1
30.04;35;1.8520000000000003;0;0;1
30.060000000000002;35;1.8530000000000002;0;0;1
30.08;35;1.854;0;0;1
30.1;35;1.855;0;0;1
30.119999999999997;35;1.8560000000000003;0;0;1
30.14;35;1.8570000000000002;0;0;1
30.160000000000004;35;1.858;0;0;1
30.18;35;1.859;0;0;1
30.200000000000003;35;1.8600000000000003;0;0;1
30.22;35;1.8610000000000002;0;0;1
30.240000000000002;35;1.862;0;0;1
30.259999999999998;35;1.863;0;0;1
30.28;35;1.8640000000000003;0;0;1
30.300000000000004;35;1.8650000000000002;0;0;1
30.32;35;1.866;0;0;1
30.340000000000003;35;1.867;0;0;1
30.36;35;1.8680000000000003;0;0;1
30.380000000000003;35;1.8690000000000002;0;0;1
30.4;35;1.87;0;0;1
30.42;35;1.871;0;0;1
30.439999999999998;35;1.8720000000000003;0;0;1
30.46;35;1.8730000000000002;0;0;1
30.480000000000004;35;1.874;0;0;1
30.5;35;1.875;0;0;1
30.520000000000003;35;1.8760000000000003;0;0;1
30.54;35;1.8770000000000002;0;0;1
30.560000000000002;35;1.8780000000000001;0;0;1
30.58;35;1.879;0;0;1
30.6;35;1.8800000000000003;0;0;1
30.619999999999997;35;1.8810000000000002;0;0;1
30.64;35;1.8820000000000001;0;0;1
30.660000000000004;35;1.883;0;0;1
30.68;35;1.8840000000000003;0;0;1
30.700000000000003;35;1.8850000000000002;0;0;1
30.72;35;1.8860000000000001;0;0;1
30.740000000000002;35;1.887;0;0;1
30.759999999999998;35;1.8880000000000003;0;0;1
30.78;35;1.8890000000000002;0;0;1
30.800000000000004;35;1.8900000000000001;0;0;1
30.82;35;1.891;0;0;1
30.840000000000003;35;1.8920000000000003;0;0;1
30.86;35;1.8930000000000002;0;0;1
30.880000000000003;35;1.8940000000000001;0;0;1
30.9;35;1.895;0;0;1
30.92;35;1.8960000000000004;0;0;1
30.939999999999998;35;1.8970000000000002;0;0;1
30.96;35;1.8980000000000001;0;0;1
30.980000000000004;35;1.899;0;0;1
31;35;1.9;0;0;1
31.020000000000003;35;1.9010000000000002;0;0;1
31.04;35;1.9020000000000001;0;0;1
31.060000000000002;35;1.903;0;0;1
31.08;35;1.904;0;0;1
31.1;35;1.9050000000000002;0;0;1
31.119999999999997;35;1.9060000000000001;0;0;1
31.14;35;1.907;0;0;1
31.160000000000004;35;1.908;0;0;1
31.18;35;1.9090000000000003;0;0;1
31.200000000000003;35;1.9100000000000001;0;0;1
31.22;35;1.911;0;0;1
31.240000000000002;35;1.912;0;0;1
31.259999999999998;35;1.9130000000000003;0;0;1
31.28;35;1.9140000000000001;0;0;1
31.300000000000004;35;1.915;0;0;1
31.32;35;1.916;0;0;1
31.340000000000003;35;1.9170000000000003;0;0;1
31.36;35;1.9180000000000001;0;0;1
31.380000000000003;35;1.919;0;0;1
31.4;35;1.92;0;0;1
31.42;35;1.9210000000000003;0;0;1
31.439999999999998;35;1.9220000000000002;0;0;1
31.46;35;1.923;0;0;1
31.480000000000004;35;1.924;0;0;1
31.5;35;1.9250000000000003;0;0;1
31.520000000000003;35;1.9260000000000002;0;0;1
31.54;35;1.927;0;0;1
31.560000000000002;35;1.928;0;0;1
31.58;35;1.9290000000000003;0;0;1
31.6;35;1.9300000000000002;0;0;1
31.619999999999997;35;1.931;0;0;1
31.64;35;1.932;0;0;1
31.660000000000004;35;1.9330000000000003;0;0;1
31.68;35;1.9340000000000002;0;0;1
31.700000000000003;35;1.935;0;0;1
31.72;35;1.936;0;0;1
31.740000000000002;35;1.9370000000000003;0;0;1
31.759999999999998;35;1.9380000000000002;0;0;1
31.78;35;1.939;0;0;1
31.800000000000004;35;1.94;0;0;1
31.82;35;1.9410000000000003;0;0;1
31.840000000000003;35;1.9420000000000002;0;0;1
31.86;35;1.943;0;0;1
31.880000000000003;35;1.944;0;0;1
31.9;35;1.9450000000000003;0;0;1
31.92;35;1.9460000000000002;0;0;1
31.939999999999998;35;1.947;0;0;1
31.96;35;1.948;0;0;1
31.980000000000004;35;1.9490000000000003;0;0;1
32;35;1.9500000000000002;0;0;1
32.02;35;1.951;0;0;1
32.04;35;1.952;0;0;1
32.06;35;1.9530000000000003;0;0;1
32.08;35;1.9540000000000002;0;0;1
32.1;35;1.955;0;0;1
32.12;35;1.956;0;0;1
32.14;35;1.9570000000000003;0;0;1
32.160000000000004;35;1.9580000000000002;0;0;1
32.18;35;1.959;0;0;1
32.2;35;1.96;0;0;1
32.22;35;1.9610000000000003;0;0;1
32.24;35;1.9620000000000002;0;0;1
32.26;35;1.963;0;0;1
32.28;35;1.964;0;0;1
32.300000000000004;35;1.9650000000000003;0;0;1
32.32;35;1.9660000000000002;0;0;1
32.34;35;1.967;0;0;1
32.36;35;1.968;0;0;1
32.38;35;1.9690000000000003;0;0;1
32.4;35;1.9700000000000002;0;0;1
32.42;35;1.971;0;0;1
32.44;35;1.972;0;0;1
32.46;35;1.9730000000000003;0;0;1
32.480000000000004;35;1.9740000000000002;0;0;1
32.5;35;1.975;0;0;1
32.52;35;1.976;0;0;1
32.54;35;1.9770000000000003;0;0;1
32.56;35;1.9780000000000002;0;0;1
32.58;35;1.979;0;0;1
32.6;35;1.98;0;0;1
32.62;35;1.9810000000000003;0;0;1
32.64;35;1.9820000000000002;0;0;1
32.660000000000004;35;1.983;0;0;1
32.68;35;1.984;0;0;1
32.7;35;1.9850000000000003;0;0;1
32.72;35;1.9860000000000002;0;0;1
32.74;35;1.987;0;0;1
32.76;35;1.988;0;0;1
32.78;35;1.9890000000000003;0;0;1
32.800000000000004;35;1.9900000000000002;0;0;1
32.82;35;1.991;0;0;1
32.84;35;1.992;0;0;1
32.86;35;1.9930000000000003;0;0;1
32.88;35;1.9940000000000002;0;0;1
32.9;35;1.995;0;0;1
32.92;35;1.996;0;0;1
32.94;35;1.9970000000000003;0;0;1
32.96;35;1.9980000000000002;0;0;1
32.980000000000004;35;1.999;0;0;1
33;35;2;0;0;1
33.02;35;2.0010000000000003;0;0;1
33.04;35;2.0020000000000002;0;0;1
33.06;35;2.003;0;0;1
33.08;35;2.004;0;0;1
33.1;35;2.0050000000000003;0;0;1
33.12;35;2.0060000000000002;0;0;1
33.14;35;2.007;0;0;1
33.160000000000004;35;2.008;0;0;1
33.18;35;2.0090000000000003;0;0;1
33.2;35;2.0100000000000002;0;0;1
33.22;35;2.011;0;0;1
33.24;35;2.012;0;0;1
33.26;35;2.0130000000000003;0;0;1
33.28;35;2.0140000000000002;0;0;1
33.300000000000004;35;2.015;0;0;1
33.32;35;2.016;0;0;1
33.34;35;2.0170000000000003;0;0;1
33.36;35;2.0180000000000002;0;0;1
33.38;35;2.019;0;0;1
33.4;35;2.02;0;0;1
33.42;35;2.0210000000000004;0;0;1
33.44;35;2.0220000000000002;0;0;1
33.46;35;2.023;0;0;1
33.480000000000004;35;2.024;0;0;1
33.5;35;2.0250000000000004;0;0;1
33.52;35;2.0260000000000002;0;0;1
33.54;35;2.027;0;0;1
33.56;35;2.028;0;0;1
33.58;35;2.029;0;0;1
33.6;35;2.0300000000000002;0;0;1
33.62;35;2.031;0;0;1
33.64;35;2.032;0;0;1
33.660000000000004;35;2.033;0;0;1
33.68;35;2.0340000000000003;0;0;1
33.7;35;2.035;0;0;1
33.72;35;2.036;0;0;1
33.74;35;2.037;0;0;1
33.76;35;2.0380000000000003;0;0;1
33.78;35;2.039;0;0;1
33.800000000000004;35;2.04;0;0;1
33.82;35;2.041;0;0;1
33.84;35;2.0420000000000003;0;0;1
33.86;35;2.043;0;0;1
33.88;35;2.044;0;0;1
33.9;35;2.045;0;0;1
33.92;35;2.0460000000000003;0;0;1
33.94;35;2.047;0;0;1
33.96;35;2.048;0;0;1
33.980000000000004;35;2.049;0;0;1
34;35;2.0500000000000003;0;0;1
34.02;35;2.051;0;0;1
34.04;35;2.052;0;0;1
34.06;35;2.053;0;0;1
34.08;35;2.0540000000000003;0;0;1
34.1;35;2.055;0;0;1
34.12;35;2.056;0;0;1
34.14;35;2.057;0;0;1
34.160000000000004;35;2.0580000000000003;0;0;1
34.18;35;2.059;0;0;1
34.2;35;2.06;0;0;1
34.22;35;2.061;0;0;1
34.24;35;2.0620000000000003;0;0;1
34.26;35;2.063;0;0;1
34.28;35;2.064;0;0;1
34.300000000000004;35;2.065;0;0;1
34.32;35;2.0660000000000003;0;0;1
34.34;35;2.067;0;0;1
34.36;35;2.068;0;0;1
34.38;35;2.069;0;0;1
34.4;35;2.0700000000000003;0;0;1
34.42;35;2.071;0;0;1
34.44;35;2.072;0;0;1
34.46;35;2.073;0;0;1
34.480000000000004;35;2.0740000000000003;0;0;1
34.5;35;2.075;0;0;1
34.52;35;2.076;0;0;1
34.54;35;2.077;0;0;1
34.56;35;2.0780000000000003;0;0;1
34.58;35;2.079;0;0;1
34.6;35;2.08;0;0;1
34.62;35;2.081;0;0;1
34.64;35;2.0820000000000003;0;0;1
34.660000000000004;35;2.083;0;0;1
34.68;35;2.084;0;0;1
34.7;35;2.085;0;0;1
34.72;35;2.0860000000000003;0;0;1
34.74;35;2.087;0;0;1
34.76;35;2.088;0;0;1
34.78;35;2.089;0;0;1
34.800000000000004;35;2.0900000000000003;0;0;1
34.82;35;2.091;0;0;1
34.84;35;2.092;0;0;1
34.86;35;2.093;0;0;1
34.88;35;2.0940000000000003;0;0;1
34.9;35;2.095;0;0;1
34.92;35;2.096;0;0;1
34.94;35;2.097;0;0;1
34.96;35;2.0980000000000003;0;0;1
34.980000000000004;35;2.099;0;0;1
35;35;2.1;0;0;1
35.02;35;2.101;0;0;1
35.04;35;2.1020000000000003;0;0;1
35.06;35;2.103;0;0;1
35.08;35;2.104;0;0;1
35.1;35;2.105;0;0;1
35.12;35;2.1060000000000003;0;0;1
35.14;35;2.107;0;0;1
35.160000000000004;35;2.108;0;0;1
35.18;35;2.109;0;0;1
35.2;35;2.1100000000000003;0;0;1
35.22;35;2.111;0;0;1
35.24;35;2.112;0;0;1
35.26;35;2.113;0;0;1
35.28;35;2.1140000000000003;0;0;1
35.300000000000004;35;2.115;0;0;1
35.32;35;2.116;0;0;1
35.34;35;2.117;0;0;1
35.36;35;2.1180000000000003;0;0;1
35.38;35;2.119;0;0;1
35.4;35;2.12;0;0;1
35.42;35;2.121;0;0;1
35.44;35;2.1220000000000003;0;0;1
35.46;35;2.123;0;0;1
35.480000000000004;35;2.124;0;0;1
35.5;35;2.125;0;0;1
35.52;35;2.1260000000000003;0;0;1
35.54;35;2.1270000000000002;0;0;1
35.56;35;2.128;0;0;1
35.58;35;2.129;0;0;1
35.6;35;2.1300000000000003;0;0;1
35.62;35;2.1310000000000002;0;0;1
35.64;35;2.132;0;0;1
35.660000000000004;35;2.133;0;0;1
35.68;35;2.1340000000000003;0;0;1
35.7;35;2.1350000000000002;0;0;1
35.72;35;2.136;0;0;1
35.74;35;2.137;0;0;1
35.76;35;2.1380000000000003;0;0;1
35.78;35;2.1390000000000002;0;0;1
35.800000000000004;35;2.14;0;0;1
35.82;35;2.141;0;0;1
35.84;35;2.1420000000000003;0;0;1
35.86;35;2.1430000000000002;0;0;1
35.88;35;2.144;0;0;1
35.9;35;2.145;0;0;1
35.92;35;2.1460000000000004;0;0;1
35.94;35;2.1470000000000002;0;0;1
35.96;35;2.148;0;0;1
35.980000000000004;35;2.149;0;0;1
36;35;2.1500000000000004;0;0;1
36.02;35;2.1510000000000002;0;0;1
36.04;35;2.152;0;0;1
36.06;35;2.153;0;0;1
36.08;35;2.1540000000000004;0;0;1
36.1;35;2.1550000000000002;0;0;1
36.12;35;2.156;0;0;1
36.14;35;2.157;0;0;1
36.160000000000004;35;2.158;0;0;1
36.18;35;2.1590000000000003;0;0;1
36.2;35;2.16;0;0;1
36.22;35;2.161;0;0;1
36.24;35;2.162;0;0;1
36.26;35;2.1630000000000003;0;0;1
36.28;35;2.164;0;0;1
36.300000000000004;35;2.165;0;0;1
36.32;35;2.166;0;0;1
36.34;35;2.1670000000000003;0;0;1
36.36;35;2.168;0;0;1
36.38;35;2.169;0;0;1
36.4;35;2.17;0;0;1
36.42;35;2.1710000000000003;0;0;1
36.44;35;2.172;0;0;1
36.46;35;2.173;0;0;1
36.480000000000004;35;2.174;0;0;1
36.5;35;2.1750000000000003;0;0;1
36.52;35;2.176;0;0;1
36.54;35;2.177;0;0;1
36.56;35;2.178;0;0;1
36.58;35;2.1790000000000003;0;0;1
36.6;35;2.18;0;0;1
36.62;35;2.181;0;0;1
36.64;35;2.182;0;0;1
36.660000000000004;35;2.1830000000000003;0;0;1
36.68;35;2.184;0;0;1
36.7;35;2.185;0;0;1
36.72;35;2.186;0;0;1
36.74;35;2.1870000000000003;0;0;1
36.76;35;2.188;0;0;1
36.78;35;2.189;0;0;1
36.800000000000004;35;2.19;0;0;1
36.82;35;2.1910000000000003;0;0;1
36.84;35;2.192;0;0;1
36.86;35;2.193;0;0;1
36.88;35;2.194;0;0;1
36.9;35;2.1950000000000003;0;0;1
36.92;35;2.196;0;0;1
36.94;35;2.197;0;0;1
36.96;35;2.198;0;0;1
36.980000000000004;35;2.1990000000000003;0;0;1
37;35;2.2;0;0;1
37.02;35;2.201;0;0;1
37.04;35;2.202;0;0;1
37.06;35;2.2030000000000003;0;0;1
37.08;35;2.204;0;0;1
37.1;35;2.205;0;0;1
37.12;35;2.206;0;0;1
37.14;35;2.2070000000000003;0;0;1
37.160000000000004;35;2.208;0;0;1
37.18;35;2.209;0;0;1
37.2;35;2.21;0;0;1
37.22;35;2.2110000000000003;0;0;1
37.24;35;2.212;0;0;1
37.26;35;2.213;0;0;1
37.28;35;2.214;0;0;1
37.300000000000004;35;2.2150000000000003;0;0;1
37.32;35;2.216;0;0;1
37.34;35;2.217;0;0;1
37.36;35;2.218;0;0;1
37.38;35;2.2190000000000003;0;0;1
37.4;35;2.22;0;0;1
37.42;35;2.221;0;0;1
37.44;35;2.222;0;0;1
37.46;35;2.2230000000000003;0;0;1
37.480000000000004;35;2.224;0;0;1
37.5;35;2.225;0;0;1
37.52;35;2.226;0;0;1
37.54;35;2.2270000000000003;0;0;1
37.56;35;2.228;0;0;1
37.58;35;2.229;0;0;1
37.6;35;2.23;0;0;1
37.62;35;2.2310000000000003;0;0;1
37.64;35;2.232;0;0;1
37.660000000000004;35;2.233;0;0;1
37.68;35;2.234;0;0;1
37.7;35;2.2350000000000003;0;0;1
37.72;35;2.236;0;0;1
37.74;35;2.237;0;0;1
37.76;35;2.238;0;0;1
37.78;35;2.2390000000000003;0;0;1
37.800000000000004;35;2.24;0;0;1
37.82;35;2.241;0;0;1
37.84;35;2.242;0;0;1
37.86;35;2.2430000000000003;0;0;1
37.88;35;2.244;0;0;1
37.9;35;2.245;0;0;1
37.92;35;2.246;0;0;1
37.94;35;2.2470000000000003;0;0;1
37.96;35;2.248;0;0;1
37.980000000000004;35;2.249;0;0;1
38;35;2.25;0;0;1
38.02;35;2.2510000000000003;0;0;1
38.04;35;2.2520000000000002;0;0;1
38.06;35;2.253;0;0;1
38.08;35;2.254;0;0;1
38.1;35;2.2550000000000003;0;0;1
38.120000000000005;35;2.2560000000000002;0;0;1
38.14;35;2.257;0;0;1
38.160000000000004;35;2.258;0;0;1
38.18;35;2.2590000000000003;0;0;1
38.2;35;2.2600000000000002;0;0;1
38.22;35;2.261;0;0;1
38.24;35;2.262;0;0;1
38.26;35;2.2630000000000003;0;0;1
38.28;35;2.2640000000000002;0;0;1
38.300000000000004;35;2.265;0;0;1
38.32;35;2.266;0;0;1
38.34;35;2.2670000000000003;0;0;1
38.36;35;2.2680000000000002;0;0;1
38.38;35;2.269;0;0;1
38.4;35;2.27;0;0;1
38.42;35;2.2710000000000004;0;0;1
38.44;35;2.2720000000000002;0;0;1
38.46;35;2.273;0;0;1
38.480000000000004;35;2.274;0;0;1
38.5;35;2.2750000000000004;0;0;1
38.52;35;2.2760000000000002;0;0;1
38.54;35;2.277;0;0;1
38.56;35;2.278;0;0;1
38.58;35;2.2790000000000004;0;0;1
38.6;35;2.2800000000000002;0;0;1
38.620000000000005;35;2.281;0;0;1
38.64;35;2.282;0;0;1
38.660000000000004;35;2.283;0;0;1
38.68;35;2.2840000000000003;0;0;1
38.7;35;2.285;0;0;1
38.72;35;2.286;0;0;1
38.74;35;2.287;0;0;1
38.76;35;2.2880000000000003;0;0;1
38.78;35;2.289;0;0;1
38.800000000000004;35;2.29;0;0;1
38.82;35;2.291;0;0;1
38.84;35;2.2920000000000003;0;0;1
38.86;35;2.293;0;0;1
38.88;35;2.294;0;0;1
38.9;35;2.295;0;0;1
38.92;35;2.2960000000000003;0;0;1
38.94;35;2.297;0;0;1
38.96;35;2.298;0;0;1
38.980000000000004;35;2.299;0;0;1
39;35;2.3000000000000003;0;0;1
39.02;35;2.301;0;0;1
39.04;35;2.302;0;0;1
39.06;35;2.303;0;0;1
39.08;35;2.3040000000000003;0;0;1
39.1;35;2.305;0;0;1
39.120000000000005;35;2.306;0;0;1
39.14;35;2.307;0;0;1
39.160000000000004;35;2.3080000000000003;0;0;1
39.18;35;2.309;0;0;1
39.2;35;2.31;0;0;1
39.22;35;2.311;0;0;1
39.24;35;2.3120000000000003;0;0;1
39.26;35;2.313;0;0;1
39.28;35;2.314;0;0;1
39.300000000000004;35;2.315;0;0;1
39.32;35;2.3160000000000003;0;0;1
39.34;35;2.317;0;0;1
39.36;35;2.318;0;0;1
39.38;35;2.319;0;0;1
39.4;35;2.3200000000000003;0;0;1
39.42;35;2.321;0;0;1
39.44;35;2.322;0;0;1
39.46;35;2.323;0;0;1
39.480000000000004;35;2.3240000000000003;0;0;1
39.5;35;2.325;0;0;1
39.52;35;2.326;0;0;1
39.54;35;2.327;0;0;1
39.56;35;2.3280000000000003;0;0;1
39.58;35;2.329;0;0;1
39.6;35;2.33;0;0;1
39.620000000000005;35;2.331;0;0;1
39.64;35;2.3320000000000003;0;0;1
39.660000000000004;35;2.333;0;0;1
39.68;35;2.334;0;0;1
39.7;35;2.335;0;0;1
39.72;35;2.3360000000000003;0;0;1
39.74;35;2.337;0;0;1
39.76;35;2.338;0;0;1
39.78;35;2.339;0;0;1
39.800000000000004;35;2.3400000000000003;0;0;1
39.82;35;2.341;0;0;1
39.84;35;2.342;0;0;1
39.86;35;2.343;0;0;1
39.88;35;2.3440000000000003;0;0;1
39.9;35;2.345;0;0;1
39.92;35;2.346;0;0;1
39.94;35;2.347;0;0;1
39.96;35;2.3480000000000003;0;0;1
39.980000000000004;35;2.349;0;0;1
40;35;2.35;0;0;1
